  14                                                         42 S             31
  15 -3                                                          57 S   4.00    1401
  17  -!!!!!                                                   42 S   3.20     125
  19                                                           3 S           1096
  20  2000                                                    89 S           1370
  21                                                           42 S   3.20      32
  22                                                            57 S             38
  24                                                           57 S  -5.00     520
  25                                                         3 S           1270
  26                                                       1             122
  27  -                                             42 S            218
  28                                                              3 S  -1.60    1479
  29 -                                                 5 S            315
  30                                                              3 S   4.80      40
  31                                                           76 S  -3.60      63
  33                                                            0            1378
  34                                                     71 S   3.20      36
  36 -                                                        57 S            667
  37                                                    57 S  -1.60    1541
  38                                                              78 S -10.00     957
  39                                                        78 S   2.80    1520
  40  6                                                           3 S            438
  43 -                                                  3 S           1103
  44 -                                                        3 S   3.20      48
  45  6                                                    3 S            460
  46                                                         64 S  -5.00    1510
  47  200 .                                                   3 S            461
  48                                                       41 S            543
  49                                                       57 S            326
  50                                                             4 S  -4.00    1141
  51                                                           3             299
  52                                                            3 S            507
  53 -.                                             107 S   9.40     252
  54  -                                         57 S            117
  55                                                              57 S   4.00    1504
  56                                            3 S   1.60      55
  57                                                  102 S           1550
  58                                                            102 S             70
  59                                                          89 S   2.40     884
  60                                                       0             300
  61                                                         95 S           1420
  62  -                                                  3 S           1404
  63  -                                             3 S            130
  64 -                                                      75 S            322
  65                                              57 S   3.20    1464
  66                                                       4 S            291
  68                                                          78 S           1232
  69                                                   3 S           1477
  70                                                          11 S  -8.00      56
  71                                                         42 S   9.40     248
  72  2000                                                   95 S           1498
  73                                       71 S   3.20     817
  74   3                                                 71 S -12.00    1413
  75  -                                                    3 S  -1.60    1536
  76                                                           5 S            794
  77                                                            4 S           1117
  79                                                                3   -7.50     599
  80                                                         5 S            825
  81                                                       16 S  -9.00     569
  82                                                         3 S           1130
  83  -                                                        78 S           1236
  84 .                                                     3 S            896
  85                                                       3 S           1161
  86                                                              3 S            462
  87  68                                                  3            1132
  88                                                3 S            706
  89                                                           72 S  -5.00    1248
  90  90                                                         3 S            833
  91  &                                                  5 S            172
  92  1958                                                          3 S            716
  93 -                                                      78 S   2.00     908
  94  -                                        100 S   3.60    1084
  95                                                        71 S   1.20    1019
  96                                                              0              75
  97 ..                                                      69 S           1127
  98                                                      3 S   1.50    1233
 100                                                          57 S  -1.50     807
 101                                                      3 S   2.00     656
 102 -                                   72 S            173
 103                                                               3 S            953
 104 - 90                                              42 S   8.50     191
 105                                                        72 S  -8.00    1442
 106 -                                                    3            1507
 107                                                        57 S           1373
 108  92                                                        5 S            616
 109                                                             3 S            539
 110 -                                           3 S           1392
 111                                                              95 S  -1.50    1308
 112                                                 3 S            982
 113                                                           95 S   6.60     663
 114                                                    5 S           1402
 115                                                              3 S            473
 116                                                         57 S              0
 117  -                                                   57 S  -1.60    1342
 118                                                       78 S   1.60     889
 120                                                        89 S           1374
 121                                                        3 S            912
 122 -                                                   3             585
 124   -                                         16 S            534
 125                                                        5            1223
 126  -                                               3            1246
 127                                                                3 S           1037
 128                                                        78 S   1.20    1115
 129                                                       3 S            459
 130                                                         3 S           1250
 131                                                               57 S -10.00     154
 132                                                        22 S -10.00     112
 133                                                       71 S   2.00     697
 134                                                3 S            494
 135  -                                                 5 S           1256
 136                                                           3 S   1.60     868
 137  99                                                      72 S  -4.00    1041
 138                                                  64 S           1311
 139                                                          3 S   2.40     503
 140                                                     72 S   2.40    1139
 141                                                             76 S  -1.60    1514
 142                                                            78 S   2.40    1173
 143  -                                          3 S            188
 144 -                                               3 S           1193
 145                                                       76 S             37
 146                                                57 S   0.40    1215
 147 -                                                     5 S            863
 148  -                                             78 S            890
 149                                                           3 S            477
 150 -                                                78 S            276
 151                                                          3 S           1035
 152                                                          5 S           1187
 153                                                        91 S           1234
 154  -                                                   3 S            600
 155   -                                           3 S           1205
 156  21                                                           3 S           1029
 157 -                                                      57 S  -7.50     642
 158                                                    42 S  13.10    1238
 159                                                         57 S           1467
 160  -                                                   3             708
 161                                                              3 S            513
 163                                                       42 S   1.60    1309
 164                                                           3 S   1.60     898
 165  -                                             80 S           1104
 166                                                         3 S   1.60     793
 167                                                    77             361
 168                                                           57 S           1377
 169                                                        87 S            614
 170                                                         57 S            538
 171 -                                                      57 S   0.40    1189
 176                                                            75 S             99
 177  95                                                       76 S           1261
 178 -                                                           3 S           1093
 179 -                                                 3 S           1033
 180                                                             5 S            676
 181 -                                             57 S           1272
 182                                                            57 S   1.00    1318
 183  90-                                         5 S           1273
 184                                                       3 S            759
 185                                                   3 S           1349
 186                                                             57 S   7.00     551
 187                                                    3 S           1199
 188                                                             3 S            253
 189                                                     4 S           1441
 190 -5                                                             3 S           1202
 191 -2                                                        71 S           1201
 192 -                                                        78 S           1322
 193                                                          5 S            403
 194                                                            89 S           1446
 195 --91 -                                               5 S            310
 196                                                        3 S           1109
 197                                                          89 S           1075
 198  33                                                          3 S            133
 199                                                   5 S            847
 200                                                        5 S           1207
 201                                                       97 S           1445
 202                                                      91 S           1457
 204                                                     4 S           1383
 205                                                             3 S            824
 206                                                           5 S           1172
 207 -                                                5 S            878
 208                                                    5 S            802
 209                                                 94 S   2.80     948
 210                                                         3 S           1343
 211                                                        3 S           1336
 212                                                  5            1506
 213                                                        57 S   4.80     147
 214                                                      3 S           1368
 215 -                                                       41 S   4.00     333
 216                                                          3 S   2.40    1194
 217 -                                              3             341
 218 -                                            57 S            324
 219                                                            71   -5.00     289
 220                                                              5 S            157
 221 -.                                                 78 S            208
 222 ...1                                                         75 S  -5.00     715
 223 ...                                                          3 S   2.80     160
 224                                               5 S  -2.00     215
 225                                                      3 S            808
 228                                                    5             799
 229                                                          57 S   1.60     189
 231 --91                                              3 S            791
 232  -                                         94 S           1354
 233                                                         3 S            930
 234                                                              3 S   2.00    1258
 235 -                                            3 S            954
 236                                                            3 S   1.60     925
 238                                                             78 S           1459
 240  -                                             93 S           1319
 241                                                            72 S  -8.90     712
 243                                                            3 S   3.20     178
 244                                                    91 S  -3.50     492
 245  -                                              5 S            997
 246  I                                                          3 S           1000
 248                                                       80 S            903
 249  -                                              3 S           1244
 250                                                           70 S  -7.50     594
 251  3                                                           42 S             69
 253  -                                              57 S            192
 254    .                               3 S           1196
 255                                                             77   -5.00     203
 256 -                                                3 S            582
 257                                                    3 S            960
 258                                                           3 S            872
 261                                                       42 S   2.00    1527
 262                                                       71 S           1454
 263                                                 3 S   1.60    1530
 264                                                          3 S            737
 265                                                       90 S           1449
 266                                                   66 S   2.00     502
 269                                                        5 S           1227
 270                                                       3 S            834
 271                                                              4 S -10.00    1469
 272                                                      104 S           1367
 273                                                          5 S           1364
 274 -                                            5 S            360
 275                                                         81 S   3.20     801
 276                                             3 S   2.80     239
 277 -                                                5            1433
 278                                                          3 S           1350
 279 -                                                 42 S            466
 280                                                           3 S   2.80     483
 281                                                     3 S   2.40     917
 282 ..                                                         3 S           1416
 283                                                          5 S            765
 285                                                              3    2.60    1112
 294 -98                                                        57 S   3.20     775
 295                                                           3 S           1410
 297                                                57 S           1438
 298                                                             3            1152
 299                                                    98 S           1452
 300                                                      87 S  -1.60    1474
 301                                                        91 S           1390
 302                                              82             869
 303                                                        57 S           1068
 304  1                                                          76 S   2.40    1133
 305                                                               0            1494
 306                                                         3            1395
 307                                                              0               0
 308  -  -                                       3            1298
 309                                                      107 S  -1.60    1423
 310                                                     0   -1.60    1523
 311   -                                           71 S  -1.60    1537
 312                                                                     0               0
 313                                                                     0               0
 314                                                                     0               0
 315                                                                     0               0
