     1    1    1            01/06/92     83    1
    34    1    1            20/12/83     83    7
    35    1    1            07/12/83     83    8
    39    1    1            01/02/90     83    6
    43    1    1            27/12/82     83    9
    51    1    1            00/00/00     83   87
    53    1    1            00/00/00     83   45
    54    1    1            00/00/00     83   87
    56    1    1            00/00/00     83   87
    58    1    1            00/00/00     83   87
    59    1    1            00/00/00     83   87
    60    1    1            00/00/00     83   87
    61    1    1            00/00/00      0    0
    62    1    1            00/00/00     83   14
    63    1    1            00/00/00     83   87
    64    1    1            00/00/00     83    0
    65    1    1 Ç  0037169 15/09/81      0    0
    66    1    1            00/00/00     83   87
    67    1    1            00/00/00     83    0
    68    1    1            00/00/00      0    0
    69    1    1            00/00/00     83   23
    70    1    1            00/00/00     83   47
    71    1    1            00/00/00      0    0
    72    1    1            00/00/00      0    0
    73    1    1            00/00/00      0    0
    74    1    1            00/00/00      0    0
    75    1    1            00/00/00     83    5
    76    1    1            00/00/00      0    0
    77    1    1            00/00/00      0    0
    78    1    1            00/00/00     83   87
    80    1    1            00/00/00     83    0
    81    1    1            00/00/00     83    7
    82    1    1            00/00/00     83   87
    83    1    1            00/00/00     83   87
    84    1    1            00/00/00      0    0
    85    1    1            00/00/00     83   87
    86    1    1            00/00/00     83    7
    87    1    1            00/00/00     83   87
    88    1    1            00/00/00     83   87
    89    1    1            00/00/00     83   87
    90    1    1            00/00/00     83   11
    91    1    1            00/00/00     83   87
    92    1    1            00/00/00     83   87
    93    1    1            00/00/00     83   13
    94    1    1            00/00/00     83   87
    95    1    1            00/00/00     83   14
    97    1    1            00/00/00     83   87
    98    1    1            00/00/00     83   15
    99    1    1            00/00/00     83   14
   100    1    1            00/00/00     83   87
   101    1    1            00/00/00     83   87
   102    1    1            00/00/00     83   14
   103    1    1            00/00/00     83    4
   104    1    1            00/00/00     83   42
   105    1    1            00/00/00     83   87
   106    1    1            00/00/00      0    0
   107    1    1            00/00/00     83   87
   108    1    1            00/00/00     83   87
   110    1    1            00/00/00     83   87
   111    1    1            00/00/00     83    4
   112    1    1            00/00/00     83   87
   113    1    1            00/00/00      0    0
   114    1    1            00/00/00     83   87
   116    1    1            00/00/00     83   21
   118    1    1            00/00/00     83   87
   119    1    1            00/00/00     83   22
   120    1    1            00/00/00     83   87
   121    1    1            00/00/00     83   87
   122    1    1            00/00/00     83   87
   126    1    1            00/00/00      0    0
   127    1    0            00/00/00     83   74
   128    1    1            00/00/00     83   30
   129    1    1            00/00/00     83    0
   131    1    1            00/00/00     83   87
   132    1    1            00/00/00     83   23
   133    1    1            00/00/00     83   87
   134    1    1            00/00/00      0    0
   137    1    1            00/00/00      0    0
   138    1    1            00/00/00     83   87
   139    1    1            00/00/00     83   24
   140    1    1            00/00/00     83   25
   141    1    1            00/00/00     83   87
   144    1    1            00/00/00     83   87
   145    1    1            00/00/00      0    0
   146    1    1            00/00/00     83   22
   147    1    1            00/00/00     83   26
   148    1    1            00/00/00     83   87
   149    1    1            00/00/00     83    7
   150    1    1            00/00/00     83   14
   151    1    1            00/00/00     83   87
   152    1    1            00/00/00     83   87
   153    1    1            00/00/00      0    0
   154    1    1            00/00/00     83   87
   155    1    1            00/00/00     83   87
   156    1    1            00/00/00     83   87
   157    1    1            00/00/00     83   87
   159    1    1            00/00/00     83   27
   160    1    1            00/00/00     83   22
   161    1    1            00/00/00     83   87
   162    1    1            00/00/00     83    7
   163    1    1            00/00/00     83   14
   164    1    1            00/00/00     83   28
   165    1    1            00/00/00     83   87
   166    1    1            00/00/00     83   87
   167    1    1            00/00/00     83   14
   168    1    1            00/00/00     83   14
   170    1    1 Ñ  5259742 26/08/85     83   30
   171    1    1            00/00/00     83   14
   172    1    1            00/00/00      0    0
   173    1    1            00/00/00     83   87
   175    1    1            00/00/00     83   87
   179    1    1            00/00/00     83   14
   180    1    1            00/00/00     83   87
   182    1    1            00/00/00     83   87
   183    1    1            00/00/00     83   34
   184    1    1            00/00/00     83   87
   187    1    1            00/00/00     83   87
   188    1    1            00/00/00     83    7
   190    1    1            00/00/00     83   87
   191    1    1            00/00/00     83   87
   192    1    1            00/00/00     83   87
   193    1    1            00/00/00     83    7
   195    1    1            00/00/00      0    0
   196    1    1            00/00/00     83   36
   199    1    1            00/00/00     83   87
   201    1    1            00/00/00     83   36
   202    1    1            00/00/00     83   87
   204    1    1            00/00/00     83   37
   205    1    1            00/00/00     83   43
   206    1    1 13 8060390 00/00/00     83    4
   208    1    1            00/00/00     83   87
   209    1    1            00/00/00     83   33
   210    1    1            00/00/00     83    7
   211    1    1            00/00/00     83   23
   212    1    1            00/00/00     83   23
   213    1    1            00/00/00     83   38
   214    1    1            00/00/00     83   39
   215    1    1            00/00/00     83    7
   216    1    1            00/00/00     83   34
   217    1    1            00/00/00     83   87
   218    1    1            00/00/00     83   87
   219    1    1            00/00/00     83   40
   220    1    1            00/00/00     83   87
   221    1    1            00/00/00     83   87
   222    1    1            00/00/00     83   87
   223    1    1            00/00/00     83   87
   225    1    1            00/00/00     83   87
   226    1    1            00/00/00     83   87
   227    1    1            00/00/00     83   87
   228    1    1            00/00/00     83   41
   229    1    1            00/00/00     83   14
   230    1    1            00/00/00     83   14
   231    1    1            00/00/00     83   34
   232    1    1            00/00/00     83   87
   233    1    1            00/00/00     83   87
   235    1    1            00/00/00     83   42
   236    1    1            00/00/00     83   87
   237    1    1            00/00/00     83   87
   238    1    1            00/00/00     83   87
   240    1    1            00/00/00     83   87
   241    1    1            00/00/00     83   87
   242    1    1            00/00/00     83   87
   244    1    1            00/00/00     83   87
   245    1    1            00/00/00     83   87
   246    1    1            00/00/00     83   87
   248    1    1            00/00/00     83    0
   250    1    1            00/00/00     83   87
   251    1    1            00/00/00     83   87
   252    1    1            00/00/00     83   22
   253    1    1            00/00/00     83   87
   255    1    1            00/00/00     83   87
   256    1    1            00/00/00     83   14
   257    1    1            00/00/00     83   36
   259    1    1            00/00/00     83   87
   260    1    1            00/00/00     83   44
   261    1    1            00/00/00     83   87
   262    1    1            00/00/00     83    7
   263    1    1            00/00/00     83    0
   264    1    1            00/00/00     83   87
   266    1    1            00/00/00     83   45
   267    1    1            00/00/00     83   87
   268    1    1            00/00/00     83   23
   269    1    1            00/00/00     83   87
   270    1    1            00/00/00     83   87
   271    1    1            00/00/00     83   11
   272    1    1            00/00/00     83   87
   273    1    1            00/00/00     83   22
   274    1    1            00/00/00     83   87
   275    1    1            00/00/00     83   25
   276    1    1            00/00/00     83   46
   277    1    1            00/00/00     83   87
   278    1    1            00/00/00     83   87
   280    1    1            00/00/00     83   42
   281    1    1            00/00/00     83   87
   282    1    1            00/00/00     83   14
   283    1    1            00/00/00     83   53
   288    1    1            00/00/00     83   23
   289    1    1            00/00/00     83    0
   290    1    0            00/00/00      0    0
   291    1    1            00/00/00     83   50
   292    1    1            00/00/00     83   87
   293    1    1            00/00/00     83   14
   294    1    1            00/00/00     83   51
   295    1    1            00/00/00     83   52
   296    1    1            00/00/00     83   87
   299    1    1            00/00/00     83   87
   300    1    1            00/00/00     83   87
   301    1    1            00/00/00     83   25
   302    1    1            00/00/00     83   14
   303    1    1            00/00/00     83    4
   305    1    1            00/00/00     83   87
   306    1    1            00/00/00     83   87
   307    1    1            00/00/00     83   87
   308    1    1            00/00/00     83   87
   312    1    1            00/00/00     83   87
   313    1    1            00/00/00     83   87
   314    1    1            00/00/00     83   36
   315    1    1            00/00/00     83   87
   316    1    1            00/00/00     83   14
   317    1    1            00/00/00     83   40
   318    1    1            00/00/00     83   87
   320    1    1            00/00/00     83   54
   321    1    1            00/00/00     83   87
   322    1    1            00/00/00     83   22
   325    1    1            00/00/00     83   87
   326    1    1            00/00/00     83   14
   328    1    1            00/00/00     83   55
   329    1    1            00/00/00     83   87
   330    1    1            00/00/00     83   87
   331    1    1            00/00/00     83   22
   332    1    1            00/00/00     83   21
   333    1    1            00/00/00     83   15
   334    1    1            00/00/00     83   87
   335    1    1            00/00/00     83   27
   337    1    1            00/00/00     83   24
   338    1    1            00/00/00     83   87
   339    1    1            00/00/00     83   33
   340    1    1            00/00/00      0    0
   342    1    1            00/00/00     83   39
   343    1    1            00/00/00     83   56
   344    1    1            00/00/00     83    7
   345    1    1            00/00/00     83    4
   346    1    1            00/00/00     83   13
   347    1    1            00/00/00      0    0
   348    1    1            00/00/00      0    0
   349    1    1            00/00/00     83   57
   350    1    1            00/00/00     83   58
   351    1    1            00/00/00     83   87
   352    1    1            00/00/00     83   87
   353    1    1            00/00/00     83   11
   354    1    1            00/00/00     83   87
   355    1    1            00/00/00     83   87
   356    1    1            00/00/00     83   87
   357    1    1            00/00/00     83   36
   358    1    1            00/00/00     83   51
   359    1    1            00/00/00     83   21
   360    1    1            00/00/00     83   87
   361    1    1            00/00/00      0    0
   362    1    1            00/00/00     83    7
   363    1    1            00/00/00     83   60
   364    1    1            00/00/00     83   14
   365    1    1            00/00/00     83   87
   366    1    1            00/00/00     83   61
   368    1    0            00/00/00     83   13
   369    1    1            00/00/00     83   34
   371    1    1            00/00/00     83   87
   373    1    1            00/00/00     83   87
   374    1    1 ç  2430162 06/08/92     83    4
   375    1    1 ç  2417738 08/10/91     83    4
   376    1    1            06/07/83     83   10
   377    1    1 Ñ  5358327 18/12/92     83   15
   378    1    1 Ä  3149301 12/07/85     83   62
   379    1    1            11/12/81     83   63
   380    1    1 Ç  1347270 30/09/92     83    2
   382    1    1 ç  2509279 03/08/98     83   74
   383    1    1 Ä  2060650 02/08/82     83   34
   384    1    1 Ç  0109760 12/04/82     83    6
   386    1    1 Ü  4424125 27/03/87     83   22
   387    1    1 Ñ  1156773 07/07/83     83   64
   392    1    1 Ç  1050870 23/05/89     83    6
   393    1    1 Ç  1363280 06/10/84     83    1
   394    1    1 Ç  1157868 12/12/90     83    9
   398    1    1 Ç  1366975 30/11/93     83    1
   399    1    1 Ç  0234543 06/01/83     83    2
   400    1    1 Ç  0027369 26/10/81     83    1
   401    1    1 à  3343364 18/03/91     83   66
   402    1    1 ç  4090401 15/03/92     83   14
   403    1    1 Ç  1177579 22/02/90     83   35
   404    1    1 Ç  1361906 27/06/94     83    5
   405    1    1 Ç  1399363 04/11/93     83    6
   407    1    1 Ç  1542936 28/08/96     83    1
   408    1    1            21/11/83     83   18
   409    1    1 Ñ  2068440 15/07/81     83   67
   410    1    1 Ç  1170308 24/04/90     83    5
   411    1    1 Ä  1115570 29/11/82     83   33
   412    1    1 Ä  1108206 21/06/82     83   23
   413    1    1 Ñ  2778438 27/05/88     83    7
   415    1    1 Ç  1219180 13/06/90     83    6
   420    1    1 Ç  0510426 03/11/83     83    6
   422    1    1 Ñ  2837924 16/01/91     83    7
   423    1    1 ã  201920  03/04/81     83   23
   425    1    1 Ç  0171657 08/11/82     83   10
   427    1    1 ã  2356298 26/09/90     83   23
   428    1    1 Ñ  4516789 01/08/91     83    7
   429    1    1 Ñ  2348629 31/05/83     83    7
   430    1    1 Ç  1113142 00/00/00     83    8
   431    1    1 à  1266165 25/09/84     83    0
   432    1    1 Ç  0635702 13/04/84      0    0
   433    1    1 ç  4098432 23/06/83     83   55
   436    1    1 Ä  2093347 25/10/83     83   58
   437    1    1            13/02/87     83   68
   438    1    1 Ç  1507659 20/06/95     83    8
   439    1    1 Ç  1559591 08/08/96     83    2
   440    1    1 Ç  0743111 01/11/84     83    8
   441    1    1 Ç  0492763 20/05/83     83   16
   442    1    1 Ä  1168031 18/01/84     83   33
   444    1    1 Ñ  5107679 08/02/83     83   69
   447    1    1 Ç  1054217 13/04/87     83   10
   449    1    1 Ç  1626444 02/09/98     83    5
   450    1    1 Ñ  3214042 13/02/96     83   43
   451    1    1 Ç  0556336 12/12/83     83    8
   452    1    1 Ä  2074258 13/04/83     83   70
   453    1    1 Ç  0000253 13/01/81     83    6
   454    1    1 ç  1188094 22/12/86     83   71
   455    1    1 Ñ  5099814 11/01/83     83   15
   456    1    1 ç  4087318 11/11/82     83   14
   457    1    1            00/00/00     83    0
   459    1    1 ç  5047259 12/07/82     83   65
   461    1    1 Ü  4282913 30/10/84     83   22
   463    1    1 Ç  0259399 08/11/83     83    5
   465    1    1 Ü  1339269 07/01/86     83   76
   466    1    1 Ç  0025303 18/09/81     83    1
   468    1    1 Ç  0047665 26/02/81     83    8
   469    1    1 Ç  1328200 09/03/92     83    8
   470    1    1 ã  4040781 09/02/82     83   72
   474    1    1 Ç  1057936 25/08/88     83    1
   475    1    1 Ñ  1264410 24/06/85     83   73
   477    1    1 Ñ  2090079 18/02/82     83    9
   478    1    1 Ç  0410214 08/06/83     83    6
   481    1    1 ç  2515091 26/01/99     83   74
   482    1    1 Ü  3220840 13/03/91     83   41
   484    1    1 Ç  0665474 06/12/84     83   10
   485    1    1 Ç  1628856 29/04/98     83    1
   486    1    1 Ç  1101921 28/03/88     83    6
   487    1    1 ç  4230113 06/01/88     83   42
   488    1    1 ç  3145300 00/00/00     83   13
   490    1    1 Ç  0185693 27/09/82     83    5
   492    1    1 Ç  0232577 11/08/82     83   18
   493    1    1 Ç  0417200 17/08/73     83    3
   494    1    1 Ç  0148741 04/12/82     83    8
   496    1    1 Ä  1278679 16/09/85     83   75
   499    1    1 Ä  2242252 19/01/98     83   37
   500    1    1 Ç  0118242 01/12/81     83    1
   504    1    1 Ñ  1094978 28/05/82     83   73
   505    1    1 Ä  2060676 12/08/82     83   70
   506    1    1 15 0061970 11/05/00     83   23
   507    1    1 Ç  079273  13/06/85     83   18
   508    1    1 Ä  2043059 20/03/82     83   58
   509    1    1 Ç  1286412 12/12/92     83   35
   513    1    1            24/12/81     83    2
   514    1    1 Ç  1634078 25/11/97     83    6
   515    1    1 Ñ  5306048 12/04/89     83   15
   516    1    1 Ç  0932647 02/09/86     83   16
   517    1    1 ã  2393184 12/02/93     83   77
   518    1    1 Ç  1518826 02/04/96     83    1
   519    1    1 Ñ  5272964 02/02/90      0    0
   522    1    1    0164144 17/08/95     83    2
   526    1    1 Ä  3007213 22/06/81     83   56
   527    1    1 Ç  0911008 13/06/85     83   17
   528    1    1 Ç  1502724 19/09/95     83   78
   530    1    1 Ç          00/00/00      0    0
   532    1    1            00/00/00      0    0
   535    1    1 à  1605135 00/00/00     83    0
   536    1    1 Ç  1508848 15/08/95     83    8
   537    1    1 Ç  0233443 07/09/82     83   16
   539    1    1 Ä  1029803 31/08/81     83   11
   540    1    1 Ñ  2246609 13/10/82     83    7
   542    1    1 Ç  0353974 30/05/85     83    9
   544    1    1 Ä  4071348 13/01/80     83   79
   547    1    1 Ä  3007644 29/06/81     83   56
   548    1    1            15/09/87     83   27
   549    1    1            15/12/83     83   25
   550    1    1 Ç  1054522 11/05/87     83   10
   551    1    1 Ç  1477382 30/01/95     83    9
   552    1    1 Ñ  17666   00/00/00      0    0
   554    1    1            00/00/00      0    0
   555    1    1 Ä  1040521 09/10/81     83   11
   556    1    1 Ç  1218978 05/06/90     83    6
   557    1    1 Ç  1090125 18/02/88     83   10
   558    1    1 Ñ  1423892 16/05/95     83   73
   559    1    1 Ä  3153262 23/06/86     83   56
   560    1    1 Ç  1222339 05/02/91     83    6
   561    1    1 ç  2000311 09/01/81     83   74
   563    1    1 Ç  1216440 07/08/91     83    9
   566    1    1 ã  2142968 23/09/83     83   23
   567    1    1 Ç  1619962 26/03/98     83    8
   568    1    1 ç  4268633 28/11/94     83   55
   569    1    1 Ç  0553529 26/10/83     83    8
   572    1    1 Ä  4007227 05/08/81     83   80
   573    1    1 Ç  0640823 24/11/84     83    2
   574    1    1 ã  5050756 23/08/83     83   81
   575    1    1 Ç  0932966 26/09/86     83   16
   577    1    1 Ç  1533271 12/03/96     83    9
   578    1    1 Ç  0012954 10/11/81     83    6
   580    1    1 ã  4130168 12/12/83     83   72
   581    1    1 Ü  2064407 11/08/82     83   82
   582    1    1 Ç  2080663 21/09/83     83   34
   583    1    1 Ç  1597421 08/07/96     83    8
   584    1    1 Ç  1311622 05/01/93     83   16
   591    1    1 ã  4043228 31/08/81     83   44
   592    1    1 Ä  1325533 31/08/90     83   33
   593    1    1 Ä  2074205 13/04/83     83   70
   594    1    1 Ç  0223503 18/08/82     83    1
   595    1    1 Ç  0243135 27/05/83      0    0
   597    1    1 Ç  0652698 17/05/84     83    8
   600    1    1            26/06/96     83    9
   601    1    1 Ç  0458031 11/01/84     83   19
   602    1    1 ç  2336422 00/00/00      0    0
   603    1    1 Ç  1196553 09/05/91     83    8
   604    1    1            00/00/00      0    0
   609    1    1 à  1277634 00/00/00     83   36
   612    1    1 ç  2448489 24/11/93     83    4
   613    1    1 Ç  0523359 13/04/84     83    0
   614    1    1 Ç  1159098 27/12/89     83    0
   615    1    1 à  1552979 00/00/00      0    0
   616    1    1 Ç  1592059 02/08/86      0    0
   617    1    1 Ç  0668760 25/10/84      0    0
   619    1    1            00/00/00      0    0
   625    1    1            22/04/83      0    0
   628    1    1            00/00/00      0    0
   629    1    1            00/00/00      0    0
   630    1    1 0          00/00/00      0    0
   631    1    1            27/08/81     83   22
   632    1    1            00/00/00     83   84
   633    1    1            00/00/00      0    0
   634    1    1            00/00/00      0    0
   635    1    1            00/00/00     83   44
   638    1    1            00/00/00      0    0
   642    1    1            00/00/00      0    0
   643    1    1 0          00/00/00     83   11
   644    1    1            00/00/00      0    0
   646    1    1            00/00/00      0    0
   647    1    1            00/00/00      0    0
   648    1    1            00/00/00     83   87
   650    1    1            00/00/00     83   73
   655    1    1            00/00/00      0    0
   656    1    1            00/00/00      0    0
   668    1    1            00/00/00      0    0
   672    1    1            00/00/00      0    0
   678    1    1            00/00/00      0    0
   682    1    1            00/00/00      0    0
   685    1    1            00/00/00      0    0
   686    1    1            00/00/00      0    0
   689    1    1            00/00/00      0    0
   695    1    1            00/00/00      0    0
   696    1    1            00/00/00      0    0
   698    1    1            00/00/00     83   87
   699    1    1            00/00/00      0    0
   700    1    1            00/00/00      0    0
   701    1    1            00/00/00     83   87
   702    1    1            00/00/00      0    0
   705    1    1            00/00/00      0    0
   706    1    1            00/00/00      0    0
   712    1    1            00/00/00      0    0
   715    1    1 11 2566185 24/02/00     83   84
   741    1    1            00/00/00     83   87
   748    1    1 13 2109305 00/00/00     83   64
   749    1    1            00/00/00     83   70
   752    1    1            00/00/00     83   87
   755    1    1            00/00/00      0    0
   756    1    1            00/00/00     83    0
   757    1    1            00/00/00      0    0
   758    1    1            00/00/00      0    0
   759    1    1 13 0007135 21/12/99      0    0
   763    1    1            00/00/00      0    0
   765    1    1 18 4127827 07/04/00      0    0
   773    1    1 15 9909285 30/05/00     83   54
   776    1    1 15 8382030 04/03/00     83    1
   777    1    1 15 8620562 28/03/00     83   54
   783    1    1            00/00/00     83   87
   785    1    1            00/00/00      0    0
   789    1    1            00/00/00      0    0
   796    1    1 14 9664973 07/03/00      0    0
   800    1    1            00/00/00     83   87
   802    1    1            16/02/84     83   23
   803    1    1 13 5687659 12/05/00     83   85
   805    1    1            00/00/00     83   86
   806    1    1            00/00/00     83   87
   807    1    1            00/00/00     83   23
   808    1    1            00/00/00      0    0
   811    1    1            00/00/00      0    0
   814    1    1 15 8790259 06/04/00      0    0
   820    1    1            00/00/00      0    0
   821    1    1            00/00/00      0    0
   827    1    1 16 1889861 25/08/00      0    0
   833    1    1            00/00/00      0    0
   844    1    1            00/00/00     83   51
   845    1    1            00/00/00     83   33
   867    1    1            00/00/00     83   36
   877    1    1            00/00/00      0    0
   878    1    1 15 8210350 01/02/00      0    0
   890    1    1            00/00/00     83   87
   892    1    1            00/00/00      0    0
   908    1    1 10 0412754 09/05/00      0    0
   966    1    1 16 0325388 17/06/00      0    0
   969    1    1            00/00/00      0    0
   974    1    0 14 9770650 28/03/00      0    0
   991    1    0 16 2042070 01/09/00      0    0
  1076    1    0            00/00/00      0    0
  1106    1    0 14 9579480 00/00/00      0    0
  1202    1    1 10 0750201 17/08/02      0    0
  1203    1    1 15 8858320 10/04/00      0    0
  1205    1    1 15 8831122 08/04/00      0    0
  1207    1    0 16 0287995 15/06/00      0    0
  1208    1    0 16 0080076 07/06/00     83   87
  1213    1    0 12 9263655 11/12/01      0    0
  1228    1    1            00/00/00      0    0
