     1  -5
     2 
     3 .. 
     4 7  ,
     5  4- .
     6 .. 
     7 ..-4
     8 ..-1
     9  
    10 
    11 
    12 
    13 
    14 
    15 -
    16  -18
    17  
    18 . 
    19 -2
    20 ..-1 
    21 -
    22 -1
    23  
    24 
    25
    26 .. 
    27 
    28 
    29 -5
    30  " "
    31 
    32 0
    33 
    34  
    35 
    36 
    37 -3
    38  
    39 ..
    40 
    41 
    42  
    43 . 
    44 
    45  
    46 
    47  
    48 
    49  
    50 
    51 
    52  
    53 
    54  
    55  
    56 ..
    57 -3
    58  
    59 -
    60 
    61 
    62 .
    63 
    64 
    65 
    66 
    67 
    68 
    69 ..
    70 
    71  
    72  
    73 .. 
    74 ..
    75  
    76  4
    77 ..
    78 
    79  
    80 .. 
    81 .. 
    82 
    83  . 
    84 .. 
    85 ..
    86 ..
    87 ..
    88 .
    89 
    90  
    91  
    92 ..
    93 
    94   
    95  2
    96 .. 3
    97  ""
    98 ..
    99 
   100 -1
   101   2
   102 .
   103 ..
   104   1
   105 7-th klm Thessaloniki-Katerini
   106 
   107 .. 
   108 ..
   109 
   110 .. 
   111 .. 
   112 
   113 
   114 .
   115  II
   116 .
   117  
   118 ..
   119 -
   120 
   121 .
   122 ..  1
   123 
   124 
   125  
   126 ..
   127 
   128 .. 1
   129  -.
   130 
   131 .. 
   132    
   133 - -
   134 ..
   135  2
   136 
   137 . 
   138 
   139 ..
   140 
   141 
   142 ..
   143   
   144 .. 
   145 .. 
   146  
   147  ..
   148 ..
   149 
   150 
   151   
   152   
   153  .
   154  1
   155 ..
   156  
   157 .. 
   158 . 
   159  
   160  
   161 
   162 ..  18
   163 
   164 
   165 .. 
   166  
   167 ..
   168  
   169 .. 3
   170 .
   171 ..
