ЌІеХЦ    519    1    1    0    519    0
ЌІеХЦ    597    1    1    1    597    0
ЌІеХЦ    597    2    1    1    597    0
ЌІеХЦ    598    1    1    0    598    0
ЌІеХЦ    919    1    1    0    920    0
ЌІеХЦ    976    1    1    0    976    0 048/909432
ЌІеХЦ    977    1    1    0    978    0
ЌІеХЦ   1227    1    1    0      0    0 0631/26413
ЌІеХЦ   1227    1    2    0      0    0 089/606115
ЌІеХЦ   1413    1    1    0      0    0 0888456272
ће░га      1    1    1    1    217    1
ће░га      1    1    2    2      1    0
ће░га     31    1    1    1     56    0 9576584
ће░га     31    1    2    9     58    0 9789789
ће░га     31    1    4    9    595    0 8393447
ће░га     31    1    5    0   1380    0 9555877
ће░га     31    1    6    0   1664    0 9787345
ће░га     31    1    7    0    579    0 8660817
ће░га     31    1    8    0   1382    0 763783+0887713414
ће░га     31    1    9    0   1383    0 0898 326647 ЉІЊєЁЂЁЇ
ће░га     31    1   10    0   1442    0 0899024959
ће░га     31    1   11    0   1472    0 0888317491
ће░га     31    1   12    0   1480    0 0887713465
ће░га     31    1   13    0   1459    0
ће░га     31    1   14    0   1524    0 0887990519
ће░га     31    1   15    0   1552    0 0897434242
ће░га     31    1   16    0   1643    0 0888991835
ће░га     32    1    1   20    122    0 ђЉ.ЅјљёђЇјѓ N9
ће░га     32    1    2    2    175    0 F 973 62 83
ће░га     32    1    3    0    227    0
ће░га     33    1    1    2     73    1 088/703127
ће░га     33    1    2    0     51    0
ће░га     33    1    3    0     96    0
ће░га     33    2    1    0     51    1
ће░га     33    3    1   16    132    0
ће░га     36    1    1   23    144    0
ће░га     36    1    2    0     89    0
ће░га     36    1    3    0    184    0
ће░га     37    1    1   11    145    0 0886 200562
ће░га     37    1    2    0    460    0
ће░га     38    1    1    8    775    0
ће░га     38    1    2   13    167    0
ће░га     38    1    3   18    117    0
ће░га     38    1    4    6    134    0
ће░га     38    1    5   11    168    0
ће░га     38    1    6   16    171    0
ће░га     38    1    7   11    230    0
ће░га     38    2    1    6     75    0
ће░га     38    3    1    0    277    0
ће░га     39    1    3    9     95    0
ће░га     39    1    4    9    256    0 088/979251-Љјћ
ће░га     39    1    5   11    607    0
ће░га     39    1    6    0    302    0
ће░га     39    1    7    0    316    0
ће░га     39    1    8    0    402    0
ће░га     40    1    2    0    257    0 9291133/Љ-Ъ
ће░га     40    1    3    0    260    0 088/623882ё
ће░га     40    1    4    0      0    0 іѓ.їѕІіјѓќѕ-ЁІЁЇђ ђё
ће░га     40    1    5    0      0    0
ће░га     40    1    6    0      0    0 ЁІіђ/ё26 21
ће░га     40    1    7    0      0    0 9291133Љ-Ъ
ће░га     41    1    1    0    357    0
ће░га     43    1    1   16    104    0
ће░га     43    1    2   11    150    0
ће░га     44    1    1    0     83    0
ће░га     45    1    1   25    162    0
ће░га     45    1    2    0    215    0
ће░га     46    1    1    6     66    0
ће░га     48    1    1    2     54    1 03561/4669ёјї
ће░га     48    1    2    0      0    0 Љ-Ъ 1408,ЊІ.ЂјљЁІ66
ће░га     50    1    1    2     34    1
ће░га     51    1    1    0    240    0
ће░га     53    1    1    0   1126    0 089/400441
ће░га     54    1    1    2     97    0
ће░га     55    1    1   18    209    0 ЊІ.ёЇЁЈџљ
ће░га     55    1    2    2    155    0 њџљЃ.іјїЈІ.
ће░га     55    1    4    0    690    0 088/914535 -јљЪЋјѓј
ће░га     55    1    6    0    156    0 Їѕіѕ
ће░га     56    1    1    3     35    1 088/923713
ће░га     56    1    2    6     71    0
ће░га     56    1    3   13    108    0
ће░га     57    1    1    4     36    1
ће░га     58    1    1    0     38    1 0518/7038ё
ће░га     58    1    2    0      0    0 69-43/ќЁЋ
ће░га     58    1    3    0      0    0 33 66
ће░га     59    1    1    0     39    1
ће░га     60    1    1    1     43    1 0888 70 19 73
ће░га     61    1    1    2     45    1
ће░га     63    1    1    0    610    0
ће░га     64    1    1    0    536    0
ће░га     64    1    2    1    945    0 088/230 196
ће░га     64    1    3    0      0    0 ІъЂј/737019
ће░га     65    1    1    2     47    1
ће░га     66    1    1    6     48    1
ће░га     66    1    2    0    945    0
ће░га     68    1    1    0    259    1
ће░га     69    1    1    0   1108    0
ће░га     69    1    2    0    624    0 088/514 983
ће░га     69    1    3    0      0    0 ѕѓ. ѓђЉѕІЁ
ће░га     70    1    1    6     86    0 Ј.ЈђІ.јћ210
ће░га     70    1    2    0    723    0 ѓљЁїЁЇЇј
ће░га     70    1    3    0    724    0 032/964386
ће░га     71    1    1    1    128    0
ће░га     73    1    1    0    417    0
ће░га     76    1    1    0     52    1
ће░га     77    1    1    1     53    1
ће░га     77    1    2    0      0    0 ЈљјёЁіЉ
ће░га     77    1    3    0      0    0 9832149
ће░га     77    1    4    0      0    0 9833733-њ/ћ
ће░га     77    1    5    0      0    0 9835359
ће░га     78    1    1    2     55    1
ће░га     79    1    1    0     81    0
ће░га     79    1    2    0      0    0 ћ-їђ
ће░га     79    1    3    0      0    0 ЈІјёЁіЉ-
ће░га     79    1    4    0      0    0 їѕїЉђ
ће░га     80    1    1    2    107    0
ће░га     80    1    2    0    112    0
ће░га     80    1    3    0    349    0
ће░га     82    1    1    1    122    0
ће░га     82    2    1    1    680    0
ће░га     85    1    1    0     60    0
ће░га     87    1    1    1     61    0 088/352578
ће░га     87    1    2    0    770    0 032/556045
ће░га     88    1    1    0     64    0
ће░га     88    1    2    0    300    0
ће░га     89    1    1    0     65    0
ће░га     90    1    1    0     67    0
ће░га     91    1    1    0     68    0 088/363400
ће░га     91    1    2    0    467    0 ёјї Љ-Ъ
ће░га     91    1    3    0   1192    0 087/478961-ЌјЌЁѓ
ће░га     91    1    4    0    778    0 088/557171
ће░га     92    1    1    0     69    0 048/804 173
ће░га     92    1    2    0    831    0
ће░га     93    1    1    0     70    0
ће░га     94    1    1    7     74    0
ће░га     94    1    2    1    101    0
ће░га     95    1    1    6     76    0
ће░га     96    1    1    1     39    0 0898/484046Љѓ.њљјѕќђ,ЂІ.381,ѓЋ.Ђ - Єђё ђѓњјїѕѓіђњђ
ће░га     96    1    2    0      0    0 Љ-Ъ 1309
ће░га     97    2    2    6    309    0
ће░га     97    2    3    0     79    0
ће░га     97    2    4    0    859    0
ће░га     97    2    5    0    985    0 ....211
ће░га     98    1    1    2     82    0
ће░га     99    1    1    2     84    0
ће░га     99    1    2    0      0    0 ќЁЋ.
ће░га    100    1    1    6     85    0
ће░га    100    1    2    0   1389    0
ће░га    101    1    1    0     87    0
ће░га    102    1    1    1     88    0
ће░га    103    1    1    4     90    0
ће░га    104    1    1    0    273    0
ће░га    105    1    1   11     91    0
ће░га    106    1    1   12     92    0
ће░га    107    1    1    1     93    0 0898/607050
ће░га    107    1    2    0      0    0 0888/516357
ће░га    108    1    1    1    130    0
ће░га    110    1    1    6     98    0
ће░га    111    1    1    1    100    0
ће░га    111    1    2    0      0    0 ѕЄІ.ЄђІђ
ће░га    112    1    1   11    968    0
ће░га    112    1    3    9    137    0
ће░га    112    1    4   10    348    0
ће░га    113    1    1    1    105    0
ће░га    114    1    1   14    106    0
ће░га    114    1    2    8    164    0
ће░га    115    1    1    0     31    0
ће░га    116    1    1    1    575    0
ће░га    116    1    2   15    576    0
ће░га    117    1    1    2    113    0 088202969
ће░га    117    1    2    0   1221    0
ће░га    118    1    1   16    114    0
ће░га    119    1    1    2    359    0
ће░га    119    1    2    1    359    0
ће░га    120    1    1   19    118    0
ће░га    122    1    1    2    119    0 0887964988
ће░га    123    1    1    0    120    0
ће░га    124    1    1    0    121    0
ће░га    126    1    1    1    123    0
ће░га    127    1    1   21    124    0
ће░га    127    1    2   21    708    0
ће░га    128    1    1   21    125    0
ће░га    128    1    2   21    768    0 HEIDRUN
ће░га    128    1    3    0    927    0
ће░га    129    1    1    3    126    0
ће░га    130    1    1    1    127    0
ће░га    132    1    1    2    131    0 0888358099
ће░га    132    1    2    0      0    0 ёјї.
ће░га    133    1    1    2    133    0
ће░га    134    1    1    1    138    0 9783425 ћ  ъљјЃІ.
ће░га    134    1    2    0      0    0 9787842 јћ+ќЁЋ /ъљјЃІ.
ће░га    134    1    3    0      0    0 9787955-ъљјЃІ.
ће░га    135    1    1    9    135    0
ће░га    135    1    2    2    154    0
ће░га    136    1    1    1    139    0
ће░га    138    1    1   20    140    0
ће░га    139    1    1    1    141    0
ће░га    140    1    1    2    142    0 0888741788
ће░га    141    1    1    0    143    0
ће░га    141    1    2    6    148    0
ће░га    142    1    1   24    146    0
ће░га    142    1    2    0    815    0
ће░га    143    1    1    2    147    0
ће░га    144    1    1    2    149    0
ће░га    144    1    2   13    896    0
ће░га    144    1    3    7    565    0 048969534
ће░га    144    1    4    0    897    0
ће░га    144    2    1    1    149    0
ће░га    145    1    1    1    698    0 0888/887975
ће░га    145    1    2    0    204    0
ће░га    146    1    1    2    152    0
ће░га    147    1    1    1    153    0 љђёјїѕљ,3
ће░га    147    1    2    0    590    0 0888/853981
ће░га    147    1    3    0    472    0 0888/242619
ће░га    148    1    1    1    180    0 9632505
ће░га    148    1    2    2    498    0
ће░га    149    1    1    1    157    0
ће░га    150    1    1    1    158    0
ће░га    150    1    2    0    212    0
ће░га    150    1    3    0      0    0 ќЁЋ
ће░га    152    2    1   24    160    0
ће░га    154    1    1    0    219    0
ће░га    155    1    1    0    439    0
ће░га    156    1    1    0    216    0
ће░га    157    1    1    1    239    0
ће░га    157    1    2   19    238    0
ће░га    157    1    3    0      0    0 љ│гЦГ
ће░га    158    1    1    1    166    0
ће░га    158    1    2    0    165    0 088/610190
ће░га    159    1    1    1    377    0
ће░га    160    1    1    1     76    0
ће░га    163    1    1    8    170    0 9819816
ће░га    164    1    1   27    172    0
ће░га    165    1    1    7     94    0
ће░га    165    1    2    8    191    0
ће░га    166    1    2    0    660    0 ЉЇђЂё.-ѕѓј
ће░га    166    1    3    0    117    0 951 56 60
ће░га    167    1    1    7   1036    0
ће░га    167    1    2   16    398    0 0887593247
ће░га    167    1    3    0    419    0
ће░га    167    1    4    0    424    0
ће░га    167    1    5    0   1248    0
ће░га    167    1    6    0    670    0
ће░га    168    1    1    0    174    0
ће░га    168    1    2    0    709    0 CHRISTIAN
ће░га    168    1    3    0   1247    0
ће░га    168    1    4    0   1618    0
ће░га    169    1    1    0    337    0
ће░га    170    1    1    0    177    0
ће░га    171    1    1    0    176    0
ће░га    172    1    1    1    218    0 Їѕіѕ-0886/315198
ће░га    173    1    1    0    178    0
ће░га    174    1    1    0   1241    0
ће░га    175    1    1   24    181    0
ће░га    176    1    1    0    182    0
ће░га    177    1    1    1    289    0 087/282 532їѕњЁѓ
ће░га    177    1    2    0      0    0 Љ
ће░га    178    1    1    2    183    0 098/516 388
ће░га    178    1    2    0   1068    0 088/824453
ће░га    178    1    3    0      0    0 ЊІ.ЉјѓјІЉіѕ Јџњ 48
ће░га    179    1    1    1    184    0
ће░га    181    1    1    2    186    0
ће░га    182    1    1    0    246    0
ће░га    182    1    2   28     32    0
ће░га    184    1    1    0    373    0
ће░га    184    1    2    0    483    0
ће░га    185    1    1    0    189    0
ће░га    185    1    2   26    199    0
ће░га    185    1    3   15    463    0
ће░га    186    1    1    0    188    0
ће░га    186    1    2    0    193    0
ће░га    186    1    3    0    262    0
ће░га    187    1    1   14    190    0
ће░га    188    1    1    0    281    0 0888622766
ће░га    189    1    1    9    461    0 ІЁљїјЇњјѓ52
ће░га    189    1    2    0    461    0
ће░га    190    1    1    3    179    0
ће░га    191    1    1    0    217    0 ёђЇѕ
ће░га    191    1    2    0   1470    0 ѕѓј
ће░га    192    1    1    0    248    0 087/490 694
ће░га    193    1    1    7    210    0
ће░га    194    1    1    2    195    0
ће░га    195    1    1    0    196    0
ће░га    196    1    1    0   1040    0 088/634 885
ће░га    197    1    1    2    201    0
ће░га    198    1    1    0    252    0
ће░га    199    1    1    0      0    0 јћѕЉ
ће░га    199    1    2    0    203    0 ёјїђўЁЇ
ће░га    200    1    1    6    250    0
ће░га    200    1    2    0    356    0
ће░га    200    1    3    0    410    0
ће░га    201    1    1    0    354    0
ће░га    202    1    1    1    205    0 ЁІЁЇђ ЪЇіјѓ
ће░га    202    1    2    0      0    0 048/891471
ће░га    203    1    1    0    206    0 Ј.і.369
ће░га    203    1    2    0    684    0 ђІ.ЉњђїЂ.1ђ Љњ.107
ће░га    204    1    1   18    207    0
ће░га    204    1    2    2    208    0
ће░га    205    1    1    0    242    0
ће░га    206    1    1    1    211    0
ће░га    206    2    1    0    211    0
ће░га    207    1    1    0    295    0
ће░га    208    1    1    0    214    0 0887/522765-ђЇѕ
ће░га    210    1    1    0    219    0
ће░га    211    1    1    1    220    0
ће░га    212    1    1    0    221    0
ће░га    213    1    1    0    223    0
ће░га    214    1    1    1    224    0
ће░га    214    1    2    4    225    0
ће░га    214    1    3    0    253    0
ће░га    215    1    1   11    226    0
ће░га    216    1    1    0    228    0
ће░га    217    1    1    0    229    0
ће░га    218    1    1    0    254    0 ќђљѕЃљ.ў.19
ће░га    218    1    2    0    255    0 ///ўјЈјѓђ
ће░га    218    1    3    0      0    0 ЄјЃљђћЉіђ
ће░га    218    1    4    0      0    0 ЈІђїЁЇ/88/914118
ће░га    219    1    1    0    303    0
ће░га    220    1    1    0    231    0 љаце
ће░га    221    1    1    2    232    0 9250126ћ
ће░га    222    1    1    0    233    0
ће░га    223    1    1    1    235    0
ће░га    224    1    1    2    236    0
ће░га    224    1    2    3    237    0
ће░га    226    1    1    0    243    0
ће░га    227    1    1    0    244    0
ће░га    228    1    1    0    328    0
ће░га    229    1    1    0    245    0
ће░га    230    1    1    2    240    0
ће░га    232    1    1    1    249    0
ће░га    233    1    1   12    530    0 048/935430
ће░га    233    1    2    1      0    0 ќјЇЁѓ
ће░га    233    1    3    0    943    0 088/748 538
ће░га    235    1    1    0    261    0
ће░га    237    1    1    0    263    0
ће░га    238    1    1    0    264    0
ће░га    239    1    1    0    306    0
ће░га    239    1    2    0    358    0
ће░га    239    1    3    0    448    0
ће░га    239    1    4    0    521    0 ќЁЋ-44082
ће░га    239    1    5    0    623    0 њЁЋЇ.ІѕќЁ
ће░га    239    1    6    0    740    0 048/972984
ће░га    240    1    1    0    265    0
ће░га    242    1    1    0    587    0
ће░га    242    1    2    0    751    0
ће░га    243    1    1    1    267    0
ће░га    244    1    1    0    268    0
ће░га    245    1    1    0    269    0
ће░га    246    1    1    0    270    0
ће░га    247    1    1    0    236    0
ће░га    248    1    1    0    296    0 0888 315045
ће░га    248    1    2    0     33    0 0885 228795-ІѕЌЁЇ Їјѓ
ће░га    249    1    1    0    271    0
ће░га    250    1    1    0    374    0
ће░га    250    1    2    0      0    0 ѓЁЌЁљ
ће░га    251    1    1    0    272    0
ће░га    252    1    1    0    274    0 ќѓЁњѕ
ће░га    252    1    2    0    497    0 0887 799457
ће░га    252    1    3    0    786    0 0899/176173
ће░га    252    1    4    0   1290    0 ђЇёјЇјѓђ-0888975377
ће░га    253    1    1    0    989    0 ЄјЪ ђІЁіЉђЇёљјѓђ
ће░га    253    1    2    0    275    0 066/30181
ће░га    254    1    1    0    276    0
ће░га    256    1    1    0    278    0
ће░га    257    1    1    0    596    0
ће░га    258    1    1    0    279    0
ће░га    259    1    1    0    307    0
ће░га    260    1    1    1    280    0
ће░га    261    1    1    1    283    0
ће░га    263    1    1   11    288    0
ће░га    264    1    1    4    290    0
ће░га    265    1    1   11    291    0
ће░га    265    1    2    2    333    0
ће░га    266    1    1    0    292    0
ће░га    267    1    1    0    293    0
ће░га    269    1    1    0    294    0
ће░га    270    1    1    0    213    0
ће░га    271    1    1    0    524    0 048797965
ће░га    272    1    1    0    308    0
ће░га    272    1    2    0      0    0
ће░га    272    1    3    0    564    0
ће░га    272    1    4    0      0    0
ће░га    272    1    5    0      0    0
ће░га    273    1    1    0    297    0
ће░га    275    1    1    0    299    0
ће░га    276    1    1    0     97    0
ће░га    277    1    1    0    301    0
ће░га    279    1    1    0    304    0
ће░га    280    1    1    0   1349    0
ће░га    282    1    1    0    308    0
ће░га    282    1    2    0    376    0
ће░га    286    1    1    0    241    0
ће░га    288    1    1    0    311    0
ће░га    289    1    1    0    313    0
ће░га    289    1    2    0    503    0
ће░га    289    1    3    0    714    0 ЈљјћѕІ/ђіЉ.
ће░га    289    1    4    0      0    0 Љњ.ЉњЁћђЇјѓ
ће░га    289    1    5    0      0    0 088/413218
ће░га    290    1    1    0    312    0
ће░га    291    1    1    0    270    0 ё.706 358
ће░га    291    1    2    0      0    0 088524788
ће░га    292    1    1    0    314    0
ће░га    292    1    2    0    605    0
ће░га    293    1    1    0    315    0
ће░га    293    1    2    0    569    0
ће░га    294    1    1    0    317    0
ће░га    295    1    1    0    318    0
ће░га    296    1    1    0    320    0
ће░га    298    1    1    0    321    0
ће░га    299    1    2   30    883    0 056/810 321
ће░га    299    1    3    0      0    0 Ѓ.Ёѓњѕїјѓ
ће░га    300    1    1    0    330    0
ће░га    300    1    2    0      0    0
ће░га    301    1    1    0    339    0
ће░га    302    1    1    0    335    0
ће░га    304    1    1    1    324    0
ће░га    305    1    1    0    325    0
ће░га    306    1    1    1    672    0
ће░га    306    1    2    0    601    0 087/723815
ће░га    306    2    1    0    601    0 ЂѕІ ѓ їјЇњ
ће░га    307    1    1    0    327    0
ће░га    308    1    1    0    329    0
ће░га    309    1    1    0    331    0 0896/612109
ће░га    309    1    2    0     44    0 0889/357524
ће░га    310    1    1    0    353    0 07443/4217
ће░га    310    1    2    0    643    0 087/817438
ће░га    313    1    1    0    332    0
ће░га    314    1    1    1    334    0
ће░га    314    1    2    0    403    0
ће░га    315    1    1    0    338    0 0888355727
ће░га    316    1    1    0    351    0 ЉѕїЁјЇ
ће░га    316    1    2    0      0    0 ёјЅЌЁѓ
ће░га    316    1    3    0      0    0 088/769270
ће░га    317    1    1    1    340    0
ће░га    318    1    1    1    971    0
ће░га    319    1    1    0    342    0
ће░га    320    1    1    0    343    0
ће░га    320    1    2    2    352    0
ће░га    321    1    1    0    344    0
ће░га    322    1    1    0    345    0 0888/976718
ће░га    324    1    1    0    350    0 ЉџЂѕљђ Јјљ.ѕ їјЇњѕљђ Їђ ѕѓђІіј+ѕѓђЇ ЇђЅёЁЇјѓ Ёњ
ће░га    325    1    1    2    346    0
ће░га    326    1    1    7    371    0
ће░га    326    1    2    0    319    0 9584419/їђљњ
ће░га    326    1    3    0      0    0 452355/ЉњјѕІ
ће░га    327    1    1    1    347    0
ће░га    328    1    1    0    355    0
ће░га    330    1    1    0    360    0
ће░га    331    1    1    1    361    0
ће░га    332    1    1    0    361    0
ће░га    332    1    2    0    465    0
ће░га    333    1    1    0    437    0 јћѕЉ
ће░га    333    1    2    0     33    0
ће░га    333    1    3    0     33    0
ће░га    333    1    4    0      0    0
ће░га    336    1    1    2    364    0
ће░га    337    1    1    2    370    0
ће░га    337    1    2    0     94    0
ће░га    338    1    1    0    365    0
ће░га    339    1    1    2    367    0 =ѕѓђІіј
ће░га    339    1    2    6    366    0
ће░га    340    1    1    0    368    0
ће░га    340    1    2    0   1067    0 087/916517
ће░га    341    1    1    0    369    0 0888200717
ће░га    341    1    2    0      0    0 ќЁЋ
ће░га    342    1    1    0    372    0
ће░га    342    1    2    0    373    0
ће░га    343    1    1    0    375    0
ће░га    344    1    1    0    379    0
ће░га    345    1    1    0    378    0
ће░га    346    1    1    0    380    0
ће░га    348    1    1    0    382    0
ће░га    349    1    1    0    383    0
ће░га    351    1    1    0    384    0
ће░га    352    1    1    2    385    0
ће░га    352    1    2    0    386    0
ће░га    353    1    1    0    387    0 048/913699
ће░га    355    1    1    0    185    0
ће░га    356    1    1    0    389    0
ће░га    358    1    1    0    390    0
ће░га    359    1    1    0    391    0 Їѕіѕ јњ ѓѕёѕљђ
ће░га    359    1    2    0      0    0 AL
ће░га    360    1    1    0    392    0 ёјї.456215
ће░га    361    1    1    0    393    0
ће░га    362    1    1    0    394    0
ће░га    363    1    1    0    396    0
ће░га    364    1    1    0    397    0
ће░га    365    1    1    0    399    0
ће░га    366    1    1    0    400    0
ће░га    367    1    1    0    401    0
ће░га    368    1    1    0    404    0
ће░га    370    1    1    0    405    0
ће░га    371    1    1    0    525    0
ће░га    372    1    1    0    433    0
ће░га    373    1    1    0    406    0
ће░га    374    1    1    0    407    0
ће░га    376    1    1    0    492    0
ће░га    377    1    1    0    423    0 ќђљ јЉѓјЂјёѕњЁІ 105 ђ
ће░га    377    1    2    0      0    0 088/593555
ће░га    378    1    1    1    408    0
ће░га    379    1    1    0    412    0
ће░га    380    1    1    0    409    0
ће░га    381    1    1    0    411    0
ће░га    383    1    1    0    413    0
ће░га    384    1    1    1    414    0
ће░га    384    1    2    0    415    0
ће░га    385    1    1    0    416    0
ће░га    385    1    2    0    417    0
ће░га    385    1    3   29    418    0
ће░га    386    1    1    0    421    0
ће░га    387    1    1    2    120    0 088/947756
ће░га    387    1    5    0    657    0
ће░га    387    1    6    0    725    0
ће░га    389    1    1    0    422    0
ће░га    389    1    2    0      0    0 ёјї.
ће░га    390    1    1    0    425    0
ће░га    391    1    1    0    426    0
ће░га    392    1    1    0    426    0
ће░га    393    1    1    0    427    0
ће░га    394    1    1    0    428    0
ће░га    395    1    1    0    429    0
ће░га    398    1    1    0    430    0
ће░га    399    1    1    0    431    0
ће░га    400    1    1    0    432    0
ће░га    401    1    1    0    434    0
ће░га    402    1    1    0    435    0
ће░га    403    1    1    0    436    0
ће░га    403    1    2    0    508    0 0888831721 њјёјљіђ ёђїЪЇјѓђ
ће░га    403    1    3    0    940    0 0701/24313
ће░га    404    1    1    0    438    0
ће░га    405    1    1    0    440    0
ће░га    408    1    1    0    441    0
ће░га    409    1    1    0    443    0
ће░га    410    1    1    0    444    0
ће░га    411    1    1    0    445    0
ће░га    412    1    1    0    446    0
ће░га    413    1    1    0    450    0
ће░га    415    1    1    1   1062    0
ће░га    415    1    2   31    828    0
ће░га    415    1    3    1   1062    0
ће░га    416    1    1    0    449    0
ће░га    417    1    1    0    451    0 0889632102
ће░га    417    1    2    0      0    0 ЂјЉѕІЁі 11
ће░га    418    1    1    0    452    0
ће░га    419    1    1    0    453    0
ће░га    420    1    1    0    454    0
ће░га    421    1    1    0    455    0
ће░га    422    1    1    0    456    0
ће░га    423    1    1    0    223    0
ће░га    423    1    2    0    458    0
ће░га    424    1    1    0    457    0
ће░га    425    1    1    0    459    0
ће░га    426    1    1    0    190    0
ће░га    427    1    1    0    462    0
ће░га    428    1    1    0    464    0
ће░га    430    1    1    0    466    0
ће░га    432    1    1    0    468    0
ће░га    433    1    1    0    469    0
ће░га    434    1    1    0    470    0
ће░га    436    1    1    0    550    0
ће░га    437    1    1    0    474    0
ће░га    438    1    1    0    500    0 048/869258
ће░га    438    1    2    0   1074    0
ће░га    439    1    1    0    480    0
ће░га    440    1    1    0    475    0
ће░га    441    1    1    0    477    0
ће░га    442    1    1    0    509    0 088*709716
ће░га    444    1    1    0    478    0
ће░га    445    1    1    0    479    0
ће░га    446    1    1    0    481    0
ће░га    446    1    2    0    561    0
ће░га    447    1    1    0    482    0 0489/64183
ће░га    448    1    1    0    484    0
ће░га    449    1    1    0    485    0
ће░га    450    1    1    0    486    0
ће░га    451    1    1    0    487    0
ће░га    451    1    2    0   1232    0
ће░га    452    1    1    0    488    0
ће░га    453    1    1    0    489    0
ће░га    453    1    2    0    490    0
ће░га    454    1    1    0    491    0
ће░га    455    1    1    0    493    0
ће░га    456    1    1    0    548    0
ће░га    456    1    2    0    495    0
ће░га    456    1    3    0    548    0
ће░га    457    1    1    0    496    0
ће░га    458    1    1    0    496    0
ће░га    459    1    1    0    499    0 0887344308
ће░га    459    1    2    0      0    0 ЊІ І.іђљђѓЁІјѓ 1
ће░га    462    1    1    1    506    0 088/332236
ће░га    462    1    3    0    566    0 088/332-235 ѓа░Га їа░еГ ё░еГ«б
ће░га    462    1    4    0    102    0 ЊІ.ЂџІЃђљѕЪ 125/Јј ЈџњЪ ќђ љЊї-Ъ,ЈљЁёѕ њЁќ-а
ће░га    462    1    5   16   1142    0 088/787214
ће░га    463    1    1    0    501    0
ће░га    464    1    1    0    502    0
ће░га    465    1    1    0    504    0
ће░га    466    1    1    0    505    0 Ђ-Љ,ђЇњѕї I Н20 Ёњ.1
ће░га    466    1    2    0      0    0 087/926152
ће░га    466    1    3    0      0    0 ЈЁЅј/ѓЁњљЁЇ
ће░га    466    1    4    0      0    0 08
ће░га    468    1    1    0    507    0 088/773182
ће░га    468    1    2    0      0    0 SIGENIA
ће░га    469    1    1    0    510    0
ће░га    469    1    2    0    512    0
ће░га    470    1    1    0    511    0
ће░га    471    1    1    0    513    0
ће░га    472    1    1    0    514    0
ће░га    473    1    1    0    924    0
ће░га    474    1    1    0    515    0 088/528613
ће░га    475    1    1    0    516    0
ће░га    476    1    1    0    517    0
ће░га    477    1    1    0    373    0
ће░га    477    1    2    0    483    0
ће░га    477    1    3    0      0    0 ІъЂјѓ
ће░га    478    1    1    0    518    0
ће░га    479    1    1    0    519    0
ће░га    480    1    1    0    522    0 048/897315ёєЊљѕЇ
ће░га    480    1    2    2    523    0 07442/2217,2237ћђіЉ
ће░га    480    1    3    0      0    0 087990531Ѓ.ї
ће░га    481    1    1    0    397    0
ће░га    482    1    1    0    489    0 0888/802140
ће░га    483    1    1    0    283    0 0896668830
ће░га    483    1    2    0      0    0 ќЁіјѓђ
ће░га    483    1    3    0      0    0 088704739
ће░га    484    1    1    0   1037    0
ће░га    485    1    1    0    527    0
ће░га    486    1    1    1    533    0
ће░га    486    1    2    0      0    0 ЉЁіљЁњђљіђ
ће░га    487    1    1    0    528    0
ће░га    488    1    1    0    529    0
ће░га    490    1    1    0    531    0 ёјї.
ће░га    491    1    1    0    532    0
ће░га    492    1    1    0    535    0
ће░га    492    1    2    0    534    0 јЂљ. Јјљ.
ће░га    492    1    3    0    541    0 ЉЌЁњјѓ.
ће░га    493    1    1    0    537    0
ће░га    494    1    1    0    538    0
ће░га    495    1    1    0    539    0
ће░га    496    1    1    0    540    0
ће░га    497    1    1    0    542    0
ће░га    497    1    2    0    543    0
ће░га    498    1    1    0    544    0
ће░га    499    1    1    0    477    0
ће░га    500    1    1    0    557    0
ће░га    501    1    1    0   1587    0 088/822 269
ће░га    502    1    1    0    549    0
ће░га    502    1    2    0      0    0 ЊІ.ІъЂЁЇ іђљђѓЁІјѓ 26 - ќЁЋ
ће░га    503    1    1    0    551    0
ће░га    504    1    1    0    552    0
ће░га    505    1    1    0     86    0
ће░га    506    1    1    0    554    0
ће░га    507    1    1    0    555    0 0887/975432
ће░га    508    1    1    0    556    0
ће░га    509    1    1    0    573    0
ће░га    510    1    1    0    559    0
ће░га    511    1    1    0    558    0
ће░га    512    1    1    0    560    0
ће░га    513    1    1    0    562    0 ЈљЁЄѕёЁЇњ
ће░га    513    1    3    0      0    0 ѕѓђЇ
ће░га    514    1    1    0    563    0
ће░га    516    1    1    0    567    0 ќЁЋ
ће░га    516    1    2    0      0    0 ёјї
ће░га    517    1    1    0    568    0
ће░га    518    1    1    0    570    0
ће░га    518    1    2    0    571    0
ће░га    519    1    1    0    572    0 Љђїјіјѓ
ће░га    519    1    2    0      0    0 ёјї.27891
ће░га    520    1    1   11    574    0 087/990154 ЅјЇіј ЉњђЅіјѓ їђљіјѓ
ће░га    520    1    2    1    891    0 0887 993185 њђЇЪ ЂђіџљёєѕЁѓђ
ће░га    520    1    3   18    911    0 ЇЁ Ё њђї
ће░га    520    1    4    3   1053    0
ће░га    521    1    1    0    225    0
ће░га    522    1    1    0    577    0
ће░га    522    1    2    0    608    0
ће░га    523    1    1    0    667    0 ѓљђњѕ-ЈёЌ
ће░га    523    1    2    0      0    0 Ђѕѓў ќЁЋ/іђљђёєјѓ
ће░га    524    1    1    0    578    0
ће░га    525    1    1    0    579    0
ће░га    526    1    1    0    580    0 EJ-ўђЂІјЇ
ће░га    526    1    2    0      0    0 љјїђЇјѓ
ће░га    526    1    3    0      0    0 088850114
ће░га    527    1    1    0    581    0
ће░га    528    1    1    0    582    0
ће░га    529    1    1    0    583    0
ће░га    530    1    1    0    593    0
ће░га    530    1    2    0    668    0 747576/ёјї
ће░га    530    1    3    0      0    0 088-318050
ће░га    530    1    4    0    637    0
ће░га    531    1    1    0    585    0
ће░га    531    1    2    1   1621    0 0898/574705
ће░га    532    1    1    0    586    0
ће░га    533    1    1    0    588    0
ће░га    533    1    2    0    669    0
ће░га    534    1    1    0    492    0
ће░га    535    1    1    0    589    0
ће░га    536    1    1    0    591    0
ће░га    537    1    1    0      0    0 779289/ё
ће░га    538    1    1    0    592    0 (
ће░га    539    1    1    0    594    0
ће░га    539    1    2    0   1125    0 9802142
ће░га    540    1    1    0    597    0
ће░га    542    1    1    1    598    0
ће░га    543    1    1    0    600    0 єѕњЇѕќђ 32
ће░га    543    1    2    0      0    0 ЈљЪіђ ъ-ЈІ
ће░га    544    1    1    1    602    0
ће░га    544    1    2    0    954    0 98427409
ће░га    545    1    1    1    603    0
ће░га    546    1    1    1    604    0
ће░га    547    1    1    0    606    0
ће░га    547    1    2    0    229    0
ће░га    548    1    1    0    609    0
ће░га    548    1    2    0    627    0 ќЁЋ 461077
ће░га    548    1    3    0    615    0
ће░га    549    1    1    0    611    0
ће░га    550    1    1    0    986    0
ће░га    551    1    1    1    612    0 0888/804462+0896/606161
ће░га    551    1    2    0      0    0 ѓФац«
ће░га    551    1    3    0      0    0 0888631063
ће░га    551    1    4    0      0    0 ђГц░ЦЕ
ће░га    551    1    5    0      0    0 ЉГЦдаГа
ће░га    552    1    1    1    613    0
ће░га    553    1    1    1    614    0
ће░га    554    1    1    1    615    0
ће░га    554    1    2    0    609    0
ће░га    554    1    3    0    627    0 ќЁЋ 461077
ће░га    555    1    1    1    616    0
ће░га    556    1    1    1    617    0
ће░га    557    1    1    1    618    0
ће░га    559    1    1    1    619    0
ће░га    559    1    2    0    649    0 052/441833
ће░га    560    1    1    1    620    0
ће░га    560    1    3    2   1683    0
ће░га    562    1    1    1    622    0
ће░га    563    1    1    1    625    0 088392674
ће░га    564    1    1    0    626    0
ће░га    565    1    1    0    628    0
ће░га    567    1    1    1    629    0
ће░га    568    1    1    1    630    0
ће░га    570    1    1    1    826    0
ће░га    571    1    1    0    631    0 Љњљ.ћѕљїђ
ће░га    572    1    1    0    632    0
ће░га    573    1    1    1    633    0
ће░га    574    1    1    1    634    0
ће░га    575    1    1    0    635    0
ће░га    576    1    1    0    636    0
ће░га    577    1    1    1    638    0
ће░га    578    1    1    0    639    0
ће░га    579    1    1    0    640    0 ЂјљѕЉјѓђ 40
ће░га    579    1    2    0   1147    0
ће░га    579    1    3    0   1148    0
ће░га    580    1    1    1    642    0
ће░га    581    1    1    1    644    0
ће░га    582    1    1    0    645    0 088/622 447
ће░га    583    1    1    1    646    0
ће░га    584    1    1    1    647    0
ће░га    585    1    1    0    648    0 098/493289,0888307464
ће░га    585    1    2    0      0    0 ќЁЋ-љђёѕ
ће░га    585    1    3    0      0    0 љђіјѓЉіђ 57 ЉЁЃђўЁЇ їђЃђЄѕЇ
ће░га    586    1    1    0    650    0
ће░га    587    1    1    1    651    0
ће░га    588    1    1    0    652    0
ће░га    588    1    2    0    653    0
ће░га    589    1    1    1    654    0
ће░га    590    1    1    1    655    0
ће░га    591    1    1    1    656    0
ће░га    592    1    1    1    659    0
ће░га    593    1    1    1    661    0
ће░га    594    1    1    0    665    0 0899*144622
ће░га    594    1    2    0    666    0 0899*144666
ће░га    594    1    3    0      0    0 іђЈ.ё.ЇѕіјІђ
ће░га    596    1    1    0      0    0 ёѕїѕњљјѓђ
ће░га    596    1    2    0      0    0 ЈЁњљјѓ
ће░га    598    1    1    0    371    0 0898317391-њђіЉѕ
ће░га    598    1    2    0    782    0 є«░« 0888230194
ће░га    598    1    3    0      0    0 ђЇЃЁІ 0888226429
ће░га    600    1    1    0    899    0
ће░га    601    1    1    0    673    0
ће░га    602    1    1    0    674    0 088/218518
ће░га    602    1    2    0    675    0 088/453175
ће░га    603    1    1    0    676    0 јћ.9553710
ће░га    604    1    1    0     32    0
ће░га    605    1    1    0    677    0
ће░га    606    1    1    1    678    0
ће░га    607    1    1    1    679    0
ће░га    608    1    1    0    825    0
ће░га    608    1    2    1      0    0
ће░га    609    1    1    1    681    0
ће░га    610    1    1    1    682    0 ѓђљЇђ
ће░га    610    1    2    0    671    0 іІѕїЁЇњ 23Ђ
ће░га    610    1    3    0    683    0
ће░га    611    1    1    1    685    0
ће░га    612    1    1    1    686    0
ће░га    613    1    1    1    687    0
ће░га    614    1    1    1    783    0 0
ће░га    615    1    1    0    688    0
ће░га    615    1    2    0    420    0 088/802955
ће░га    616    1    1    1    689    0 ёџљѓј/ћѕљїђ
ће░га    617    1    1    1    754    0 ІђЄђљјѓђ
ће░га    617    1    2    0      0    0 REHAU 730
ће░га    618    1    1    0   1391    0
ће░га    618    1    2    0      0    0
ће░га    619    1    1    0    691    0 965-57-70
ће░га    619    1    2    0      0    0 ёѕљЁіњЁЇ
ће░га    620    1    1    0    692    0 ЈЁЇЉђ,ЄђЈјЌ-ѓђ Љ KBE
ће░га    620    1    2    0    837    0
ће░га    621    1    1    1    693    0
ће░га    622    1    1    1    695    0
ће░га    623    1    1    1    696    0
ће░га    624    1    1    0      0    0 їѕўј
ће░га    624    1    2    0      0    0 088/717058
ће░га    625    1    1    1    702    0 088/541541
ће░га    626    1    1    1    699    0
ће░га    627    1    1    1    700    0
ће░га    628    1    1    0    701    0
ће░га    630    1    1    1    703    0
ће░га    632    1    1    1    704    0
ће░га    633    1    1    1    705    0
ће░га    634    1    1    1    706    0
ће░га    635    1    1    1    707    0 ЄђїЁЇЁЇ Љ ёљѕЅї 2000
ће░га    637    1    1    0    711    0 Јљ-І ђіђЇЉј
ће░га    637    1    2    0      0    0 =ђІЊЈІђЉњ/7.5
ће░га    638    1    1    1    712    0
ће░га    639    1    1    0    722    0
ће░га    639    1    2    0    710    0 087/525494
ће░га    640    1    1    1    713    0
ће░га    640    1    2    0    788    0 0887/608097
ће░га    640    1    3    0    906    0 073/883060104;088/703218
ће░га    640    1    4    0   1384    0 0889/241236
ће░га    642    1    1    0    715    0 9319393
ће░га    642    1    2    0   1180    0 8319090-ќ.јћѕЉ
ће░га    642    1    3    0      0    0 9319390 FAX
ће░га    642    1    4    0      0    0 9368057,9367762 јћѕЉ,Љ іјЅњј іјЇњђіњЊѓђїЁ
ће░га    643    1    1    1    716    0 ёџљѓј
ће░га    643    1    2   16    717    0
ће░га    644    1    1    0    718    0 088/619189
ће░га    644    1    2    0    719    0 048/918521
ће░га    644    1    3    0      0    0 INTERPEN
ће░га    645    1    1    0    720    0
ће░га    646    1    1    1    721    0 =ѕ.ЇђЅё. Ёњ
ће░га    648    1    1    1    735    0
ће░га    649    1    1    1    726    0
ће░га    650    1    1    1    727    0
ће░га    651    1    1    0    728    0 ЂЊЇёЁѓђ
ће░га    651    1    2    0      0    0 ўјћюјљђ-
ће░га    651    1    3    0    907    0 088/621171-
ће░га    651    1    4    0    931    0 ЂІђЃјѓЁЉњ
ће░га    652    1    1    0    729    0
ће░га    653    1    1    0    730    0 088/610 986
ће░га    653    1    2    0     63    0 їјЇњ./ЁІЁЇђ
ће░га    654    1    1    0    731    0 ђЋїЁњ
ће░га    655    1    1    1    732    0
ће░га    656    1    1    1    733    0 ѓІ.ѓЁІѕЌіјѓ
ће░га    656    1    2    0      0    0 0898556322
ће░га    657    1    1    1    734    0
ће░га    658    1    1    1    736    0
ће░га    659    1    1    1    737    0
ће░га    660    1    1    0    738    0 0489/72174
ће░га    660    1    2    0      0    0 ёџљѓј+ѓљђњѕ
ће░га    661    1    1    0    739    0 ЄђЈјЌ/ёџљѓј
ће░га    661    1    2    0      0    0 ќ.јћ-ЂјњЁѓЃљђё
ће░га    662    1    1    0    741    0
ће░га    663    1    1    9    752    0 ЉђЇ ЉњЁћђЇј
ће░га    663    1    2    0    752    0 0888/307571ЈІ
ће░га    663    1    3    0      0    0 ѕІ.ўјЉЁ8-ђ
ће░га    663    1    4   31    255    0
ће░га    664    1    1    1    265    0 088/553610
ће░га    665    1    1    0      0    0 ёѕїјѓ
ће░га    665    1    2    0      0    0 ёџљѓј
ће░га    666    1    1    1    744    0
ће░га    667    1    1    1    745    0
ће░га    668    1    1    1    746    0
ће░га    669    1    1    1    695    0
ће░га    670    1    1    0      0    0 ЃјљЇѕЌЁѓђ
ће░га    671    1    1    0    748    0
ће░га    672    1    1    0    749    0
ће░га    674    1    1    1    753    0
ће░га    675    1    1    1    755    0
ће░га    676    1    1    1    756    0
ће░га    677    1    1    1    757    0
ће░га    678    1    1    0    806    0 AL
ће░га    679    1    1    1    758    0 -4%;10%ёёЉ
ће░га    680    1    1    1    759    0
ће░га    681    1    1    0    795    0 Їђ ЇЁЃјѓјњј їЪЉњј Ё ѓЁЌЁ љђЄіјў-ѕѓ.ѕѓђЇјѓ Ёњ
ће░га    683    1    1    1    760    0
ће░га    684    1    1    1    761    0
ће░га    685    1    1    1    762    0
ће░га    686    1    1    1    763    0
ће░га    687    1    1    1    764    0
ће░га    688    1    1    1    765    0
ће░га    690    1    1    0    766    0
ће░га    691    1    1    0     94    0
ће░га    691    1    2    0    913    0
ће░га    692    1    1    1    767    0
ће░га    693    1    1    1    769    0
ће░га    694    1    1    1    771    0
ће░га    694    1    2    0      0    0 088/644184
ће░га    695    1    1    1    772    0
ће░га    696    1    1    0    773    0
ће░га    697    1    1    1    774    0 ЈѕљјњЉіђ125 Љ/Њ ЄјЇђ ѓ-18
ће░га    698    1    1    0    776    0
ће░га    699    1    1    0    777    0
ће░га    700    1    1    0    791    0 088/377534
ће░га    700    1    2    0      0    0 0631/22245
ће░га    700    1    3    0    792    0 088/938846
ће░га    700    1    4    0      0    0 ёјї/41775
ће░га    701    1    1    1    779    0
ће░га    701    1    2    0    778    0 088/557171
ће░га    703    1    1    1    780    0
ће░га    704    1    1    1    903    0
ће░га    704    1    2    0    904    0
ће░га    705    1    1    1    784    0
ће░га    706    1    1    1    785    0
ће░га    706    1    2    0   1603    0 0888249766
ће░га    707    1    1    1    787    0 088/373162
ће░га    707    1    2    0      0    0 їјЇѕіЉ-ї
ће░га    708    1    1    1   1078    0 0887/687017
ће░га    709    1    1    1    789    0 087/214 285
ће░га    710    1    1    0    790    0
ће░га    711    1    1    0    793    0
ће░га    712    1    1    1   1547    0 087/414539
ће░га    712    1    2    0      0    0 ћ њљђёЁіЉ
ће░га    712    1    3    0      0    0 14.00-іљђіљђ;15.00-ЃъЇњѕ
ће░га    713    1    1    0    797    0 ЂЊљЃјЉЈІђЉњ
ће░га    714    1    1    0    798    0 ALUMIL
ће░га    715    1    1    0    799    0 !!SCHUERING
ће░га    716    1    2    0    802    0
ће░га    716    1    3    0    807    0
ће░га    716    1    4    0   1332    0
ће░га    717    1    1    0    800    0
ће░га    718    1    1    0    803    0
ће░га    719    1    1    0    804    0
ће░га    720    1    1    0    805    0 048*854443
ће░га    722    1    1    0    210    0
ће░га    723    1    1    1   1392    0
ће░га    724    1    1    1    808    0
ће░га    725    1    1    1    809    0
ће░га    726    1    1    1    810    0
ће░га    727    1    1    0    652    0
ће░га    728    1    1    1    811    0
ће░га    729    1    1    1    812    0
ће░га    730    1    1    1    813    0
ће░га    731    1    1    1    814    0
ће░га    733    1    1    1    816    0
ће░га    734    1    1    1    817    0
ће░га    734    1    2    0    818    0 088/318129
ће░га    735    1    1    0    819    0
ће░га    736    1    1    1    820    0
ће░га    737    1    1    1    821    0
ће░га    737    1    2    0    465    0 087/961 231
ће░га    737    1    3    0      0    0 ћѕЇђЇЉјѓђ
ће░га    737    1    4    0      0    0 іџЎђ ўѕЈіђ
ће░га    737    1    5    0      0    0 ЈІ.ЉЁѓњј-
ће░га    737    1    6    0      0    0 ЈјІѕЉ Н1
ће░га    737    1    7    0      0    0 Ј.і.27
ће░га    737    1    8    0      0    0
ће░га    738    1    1    1    822    0
ће░га    739    1    1    1    823    0
ће░га    739    1    2    0    894    0
ће░га    740    1    1    1    824    0
ће░га    741    1    1    1    827    0
ће░га    742    1    1    1    809    0
ће░га    743    1    1    1    829    0
ће░га    744    1    1    1    830    0
ће░га    745    1    1    1    832    0
ће░га    745    1    2    0    867    0 ЂЁІѕ ЂљЁЄѕ
ће░га    745    1    3    0      0    0 ЄѓџЇѕіђ N6
ће░га    746    1    1    1    833    0
ће░га    747    1    1    1    834    0
ће░га    748    1    1    1    835    0 088/268992
ће░га    749    1    1    1    836    0
ће░га    750    1    1    0    838    0 098/666 313
ће░га    750    1    2    0    844    0 0899/151221
ће░га    750    1    3    0      0    0 098/666 315  ЋљѕЉњј Ђџљёђљјѓ
ће░га    751    1    1    0    839    0 048926782
ће░га    751    1    2    0      0    0 088604215
ће░га    751    1    3    0      0    0 Ї.ЈЁЁѓђ
ће░га    752    1    1    1    840    0
ће░га    753    1    1    1    841    0
ће░га    754    1    1    1    842    0
ће░га    755    1    1    0    843    0
ће░га    756    1    1    0    892    0
ће░га    757    1    1    0    845    0
ће░га    758    1    1    1    846    0
ће░га    759    1    1    0    847    0
ће░га    760    1    1    1    848    0
ће░га    761    1    1    1    849    0
ће░га    762    1    1    1    850    0
ће░га    763    1    1    0    402    0
ће░га    764    1    1    1    851    0
ће░га    765    1    1    0   1086    0
ће░га    767    1    1    1    852    0
ће░га    768    1    1    1    532    0 ђЇЃЁІ
ће░га    768    1    2    0      0    0 ЉЁљЃЁЅ 0888295867
ће░га    769    1    1    0    853    0
ће░га    770    1    1    0    854    0
ће░га    771    1    1    1    855    0
ће░га    772    1    1    1    856    0
ће░га    773    1    1    1    857    0
ће░га    775    1    1    0    247    0 087/904988
ће░га    775    1    2    0    914    0 087/642334
ће░га    776    1    1    1    860    0
ће░га    778    1    1    0    578    0
ће░га    779    1    1    0    862    0
ће░га    780    1    1    0    863    0 088/636823
ће░га    781    1    1    1    864    0
ће░га    782    1    1    1    865    0
ће░га    782    1    2    0      0    0 Љ▓«Цба
ће░га    783    1    1    1    866    0
ће░га    784    1    1    0    868    0 048 913701
ће░га    784    1    2    0      0    0 PVC/REHAU+AL
ће░га    785    1    1    1    869    0
ће░га    786    1    1    1    870    0
ће░га    787    1    1    1    871    0 088/855 125
ће░га    789    1    1    1    872    0
ће░га    790    1    1    1    873    0
ће░га    791    1    1    1    874    0
ће░га    792    1    1    1    875    0
ће░га    793    1    1    1    381    0 ЈЁњџљ іђљђёєјѓ
ће░га    793    1    2    0   1065    0 0889/567 725
ће░га    794    1    1    0   1057    0 088/375702
ће░га    794    1    2    0      0    0 0889 305281
ће░га    795    1    1    1    876    0
ће░га    796    1    1    0    877    0
ће░га    797    1    1    0    878    0
ће░га    798    1    1    1    879    0
ће░га    799    1    1    0    880    0
ће░га    800    1    1    0    881    0 AL ЊіљђЅЇђ-ЈљјѕЄѓ.ёјЃљђїђ
ће░га    800    1    2    0      0    0 PVC-ёѕЉњљѕЂЊњјљ Їђ ЈљјћѕІѕ/ЊіљђЅЇђ
ће░га    801    1    1    0    882    0 DIMEX-
ће░га    801    1    2    0    929    0 952 60 10
ће░га    801    1    3    0      0    0 ёђЇЌј-ќЁЋ
ће░га    803    1    1    1    884    0
ће░га    805    1    1    0    885    0 ёјЃљђїђ
ће░га    805    1    2    0    886    0 ќЁЋ
ће░га    805    1    3    0    887    0 јћѕЉ
ће░га    805    1    4    0   1654    0 0899137301,0885 504 625
ће░га    806    1    1    1    888    0
ће░га    807    1    1    1    523    0 ёђЇѕЁІђ
ће░га    807    1    2    0      0    0 іђњЪ
ће░га    807    1    3    0      0    0 ЃђІѕЌѕќђ5
ће░га    807    1    4    0      0    0 Љ-Ъ 1407
ће░га    808    1    1    0    890    0
ће░га    809    1    1    1    863    0
ће░га    810    1    1    1    893    0
ће░га    811    1    1    1    895    0
ће░га    812    1    1    1    898    0
ће░га    813    1    1    1    900    0
ће░га    814    1    1    0    901    0
ће░га    815    1    1    1    629    0 088573268
ће░га    816    1    1    0    902    0
ће░га    817    1    1    1    905    0 0888/501 405 ЄІђњђљЁѓ
ће░га    817    1    2    0    953    0 087/358684-ѕѓђЇ
ће░га    817    1    3    0      0    0 їѕњіј-088/432511
ће░га    817    1    4    0      0    0 Љ-Ъ1592Јі49
ће░га    818    1    1    1    908    0
ће░га    819    1    1    1    909    0
ће░га    820    1    1    0    912    0 AL
ће░га    823    1    1    0    915    0 4 її/4її
ће░га    824    1    1    0    916    0 0885840419
ће░га    824    1    2    0      0    0 0885840418
ће░га    825    1    1    1    917    0 0888/925 348
ће░га    826    1    1    0    918    0 ёџљѓј
ће░га    827    1    1    1    921    0
ће░га    828    1    1    0    922    0 ЈљЁёЈљѕЁїђЌ
ће░га    828    1    2    0      0    0 ёџљѓ.ёјЃљ.
ће░га    830    1    1    1    923    0
ће░га    831    1    1    1    668    0
ће░га    833    1    1    1    925    0 088508983
ће░га    833    1    2    0    926    0 062629243ё
ће░га    833    1    3   31   1568    0 0888384399  Ј.Ъѓјљјѓ 59-ѓ.њџљЇјѓј
ће░га    834    1    1    1   1039    0
ће░га    834    1    2    0   1061    0
ће░га    835    1    1    1    928    0 +ћ.ђІ ЈІђ
ће░га    837    1    1    1    930    0
ће░га    838    1    1    0    932    0
ће░га    839    1    1    1    933    0
ће░га    839    1    2    0   1056    0 91161
ће░га    840    1    1    1    934    0
ће░га    842    1    1    1    935    0
ће░га    843    1    1    0     38    0 0887/496953;048/892885
ће░га    843    1    2    0      0    0 048/950381
ће░га    843    1    3    0      0    0 05121383ёјї/ѓѕІђ
ће░га    844    1    1    0    936    0 088/209759
ће░га    844    1    2    0      0    0 REHAU
ће░га    845    1    1    1    937    0
ће░га    846    1    1    9    972    0 088/248952
ће░га    846    1    2    0    975    0
ће░га    847    1    1    1    939    0
ће░га    848    1    1   19    941    0 048/916607
ће░га    848    1    2   19    942    0 PLUS TEK
ће░га    849    1    1    1    944    0
ће░га    851    1    1    0    946    0 088/815107
ће░га    852    1    1    1    947    0
ће░га    853    1    1    1    948    0
ће░га    854    1    1    1    949    0
ће░га    855    1    1    1    951    0
ће░га    856    1    1    1    961    0
ће░га    856    1    2    0   1146    0
ће░га    857    1    1    1    955    0
ће░га    858    1    1    1    956    0
ће░га    859    1    1    1    957    0
ће░га    860    1    1    1    958    0
ће░га    861    1    1    1    713    0
ће░га    863    1    1    1    959    0
ће░га    865    1    1    0    960    0
ће░га    866    1    1    1    962    0
ће░га    867    1    1    1    963    0
ће░га    868    1    1    1    964    0
ће░га    869    1    1    1    965    0 0889/225187
ће░га    869    1    2    0      0    0 ќ.ЊІ.іђІіђЉ
ће░га    870    1    1    0    966    0
ће░га    871    1    1    0    967    0
ће░га    872    1    1    0    969    0
ће░га    873    1    1    1    970    0
ће░га    874    1    1    1    973    0 088*726638-
ће░га    874    1    2    0   1368    0 Љђўј
ће░га    875    1    1   14    974    0 082/644505ё
ће░га    875    1    2    0      0    0 088/838398
ће░га    876    1    1    0    976    0 048/909432
ће░га    877    1    1    0    978    0
ће░га    878    1    1    0    980    0
ће░га    879    1    1    1    979    0
ће░га    880    1    1    0    981    0
ће░га    881    1    1    0    982    0
ће░га    882    1    1    0    983    0
ће░га    883    1    1    0    984    0
ће░га    883    1    2    0    869    0
ће░га    884    1    1    0    246    0 ќЦХ«,ѓЦФф«
ће░га    884    1    2    0      0    0 ЋљѕЉњјћјљ-0899 862 553
ће░га    884    1    3    0      0    0 ЉњђЇѕЉІђѓђ-ЉїЁњіѕњЁ
ће░га    885    1    1    0    889    0 ANA
ће░га    885    1    2    0    920    0
ће░га    886    1    1    0    987    0
ће░га    887    1    1    0    988    0
ће░га    888    1    1    0    989    0 ђєЊљ-
ће░га    889    1    1    1    990    0 0888/510-785
ће░га    889    1    2    0      0    0 0898/487-660
ће░га    890    1    1    1    991    0 088/754823
ће░га    891    1    1    1    992    0
ће░га    892    1    1    0    993    0
ће░га    893    1    1    1    994    0
ће░га    894    1    1    1    995    0 088/354 722
ће░га    894    1    2    0   1426    0 0888839745
ће░га    895    1    1    0    996    0
ће░га    896    1    1    0    997    0 ёє.ЂђЊЌЁљ 6
ће░га    897    1    1    0    998    0
ће░га    898    1    1    1   1004    0
ће░га    899    1    1    1    998    0
ће░га    900    1    1    0    999    0 AL
ће░га    901    1    1    1   1000    0
ће░га    902    1    1    1   1001    0
ће░га    903    1    1    1   1002    0
ће░га    903    1    2    0      0    0 ЇЁІѕ ЅјѓЌЁѓђ
ће░га    905    1    1    1   1003    0
ће░га    906    1    1    1   1005    0
ће░га    907    1    1    1   1006    0
ће░га    908    1    1    0   1007    0
ће░га    910    1    1    1   1008    0
ће░га    911    1    1    1   1009    0
ће░га    912    1    1    1    158    0 088/344726
ће░га    912    1    2    0      0    0 0897/845838
ће░га    913    1    1    1    773    0
ће░га    914    1    1    1    543    0
ће░га    915    1    1    1   1010    0
ће░га    917    1    1    1    732    0 0888/508888
ће░га    917    1    2    0      0    0 ѓІђёј іѕљјѓ 0888/235 936
ће░га    918    1    1    1   1011    0
ће░га    919    1    1    0   1012    0
ће░га    921    1    1    0   1013    0 DECEUNING
ће░га    922    1    1    0      0    0 ЁІѕ
ће░га    922    1    2    0      0    0 MELINA
ће░га    923    1    1    1   1014    0
ће░га    924    1    1    0   1015    0
ће░га    925    1    1    1   1016    0 0888/213665
ће░га    925    1    2    0   1271    0 06471633
ће░га    926    1    1    1   1017    0 088/227 558
ће░га    927    1    1    0   1018    0 088/876 992
ће░га    929    1    1    1    919    0
ће░га    930    1    1    0   1019    0 087/249 865
ће░га    930    1    2    0   1020    0 Ї-і ќЁЋ
ће░га    931    1    1    0   1021    0
ће░га    933    1    1    1   1022    0
ће░га    934    1    1    0   1023    0 064/24196
ће░га    935    1    1   31   1025    0
ће░га    935    1    2    0   1066    0
ће░га    936    1    1    1   1491    0
ће░га    937    1    1    1   1028    0
ће░га    938    1    1    0   1029    0
ће░га    939    1    1    0   1030    0
ће░га    940    1    1    0   1031    0
ће░га    940    1    2    0      0    0 іђњЪ І.
ће░га    940    1    3    0      0    0 088/931365
ће░га    941    1    1    0   1032    0 087/226884
ће░га    941    1    2    0      0    0 љЊїЁЇ ѓ-ѓ
ће░га    941    1    3    0      0    0 088/940288
ће░га    942    1    1    2   1033    0
ће░га    942    1    2    3   1034    0
ће░га    943    1    1    0   1035    0
ће░га    944    1    1    0   1038    0
ће░га    945    1    1    1   1041    0
ће░га    946    1    1    1   1042    0 іјЉњђёѕЇјѓђ
ће░га    948    1    1    0   1043    0 088/902 662
ће░га    948    1    2    0   1085    0 0631/40526ё
ће░га    949    1    1    1   1044    0
ће░га    950    1    1    1   1045    0
ће░га    951    1    1    1   1046    0
ће░га    952    1    1    1   1048    0
ће░га    952    1    2    0   1047    0
ће░га    953    1    1    1   1049    0 ЉЁљђћѕїјѓ
ће░га    954    1    1    1   1050    0 јћѕЉ
ће░га    954    1    2    0   1141    0 0899126820
ће░га    955    1    1    1   1051    0
ће░га    956    1    1    1   1052    0
ће░га    958    1    1    1   1054    0
ће░га    959    1    1    0   1400    0
ће░га    960    1    1    0   1115    0 0889/507061
ће░га    960    1    2    0      0    0
ће░га    961    1    1    0   1055    0
ће░га    962    1    1    1   1058    0
ће░га    964    1    1    1   1059    0
ће░га    965    1    1    1   1060    0
ће░га    966    1    1    1   1063    0
ће░га    967    1    1    0    533    0
ће░га    967    1    2    0   1555    0
ће░га    968    1    1    0   1064    0
ће░га    969    1    1    0   1069    0 048/800095
ће░га    970    1    1    0   1070    0
ће░га    971    1    1    1   1071    0
ће░га    972    1    1    1   1072    0
ће░га    973    1    1    1   1073    0
ће░га    974    1    1    1   1075    0
ће░га    975    1    1    1   1076    0
ће░га    976    1    1    1   1077    0
ће░га    976    1    2    0    812    0
ће░га    977    1    1    0   1079    0
ће░га    978    1    1    1   1080    0
ће░га    979    1    1    1   1081    0
ће░га    980    1    1    0   1082    0 REHAU-јћ/OK
ће░га    980    1    2    0      0    0
ће░га    981    1    1    0   1083    0 SCUKO
ће░га    981    1    2    0   1129    0
ће░га    982    1    1    1   1084    0
ће░га    983    1    1    0   1087    0 088/278 709
ће░га    984    1    1    1   1088    0
ће░га    985    1    1    0      0    0 ЄђЈјЌѓђ12її
ће░га    986    1    1    1   1089    0
ће░га    987    1    1    0   1090    0 0888/575 545
ће░га    987    1    2    0   1003    0
ће░га    988    1    1    0    198    0 0887616144
ће░га    988    1    2    0      0    0 іѕљѕІјѓђ
ће░га    988    1    3    0      0    0 FAX-јћЁљњђ
ће░га    989    1    1    0   1091    0 088/824427
ће░га    989    1    2    0   1092    0 ЉџЈљЊЃђ
ће░га    989    1    3    0      0    0 SAL-R/јћЁљњђ
ће░га    990    1    1    1   1093    0
ће░га    991    1    1    1   1094    0
ће░га    992    1    1    1   1095    0 088/639 403
ће░га    992    1    2    0      0    0 ў-Ї.EJ 29.04.02
ће░га    993    1    1    0   1096    0 AL/јћVW-ћѕљїђ
ће░га    994    1    1    1   1097    0 E/J ўђЂІ
ће░га    995    1    1    1   1098    0
ће░га    996    1    1    0   1099    0
ће░га    997    1    1    1   1100    0
ће░га    998    1    1    1   1101    0
ће░га    998    1    2    0   1145    0
ће░га    998    1    3    0      0    0 Јљѕ ЃЁљїђЇјѓђ
ће░га    999    1    1    1   1102    0
ће░га   1000    1    1    0   1103    0 087/243 008
ће░га   1000    1    2    0   1403    0 0887/706415
ће░га   1001    1    1    1   1104    0
ће░га   1003    1    1    1   1105    0
ће░га   1004    1    1    1   1106    0
ће░га   1005    1    1    0   1107    0 088686951
ће░га   1006    1    1    1   1109    0
ће░га   1007    1    1    1   1110    0
ће░га   1008    1    1    1   1111    0
ће░га   1009    1    1    1   1018    0
ће░га   1010    1    1    1   1113    0
ће░га   1011    1    1    1   1114    0
ће░га   1012    1    1    1    832    0
ће░га   1013    1    1    1   1116    0
ће░га   1014    1    1    1   1117    0
ће░га   1015    1    1    1   1118    0
ће░га   1016    1    1    1   1119    0
ће░га   1018    1    1    1   1120    0
ће░га   1019    1    1    1   1121    0 ЉЌЁњ.
ће░га   1019    1    2    0      0    0 ѕІѕЁѓђ
ће░га   1019    1    3    0   1356    0
ће░га   1020    1    1    1   1122    0
ће░га   1021    1    1    0   1123    0
ће░га   1021    1    2    0   1124    0
ће░га   1022    1    1    1   1127    0
ће░га   1023    1    1    1   1128    0
ће░га   1024    1    1    1   1130    0
ће░га   1025    1    1    1   1131    0
ће░га   1026    1    1    1   1132    0
ће░га   1027    1    1    1   1133    0
ће░га   1028    1    1    0   1134    0
ће░га   1029    1    1    0   1135    0 0887525235
ће░га   1030    1    1    0   1136    0
ће░га   1030    1    2    0   1330    0
ће░га   1031    1    1    0   1137    0 088226940
ће░га   1032    1    1    0   1138    0
ће░га   1033    1    1    0   1139    0 088 922478
ће░га   1034    1    1    0   1140    0
ће░га   1035    1    1    0   1143    0
ће░га   1036    1    1    1   1144    0
ће░га   1038    1    1    1   1149    0
ће░га   1039    1    1    1   1150    0
ће░га   1040    1    1    1   1151    0
ће░га   1041    1    1    0   1152    0
ће░га   1041    1    2    0   1156    0 0888308265
ће░га   1042    1    1    1   1153    0
ће░га   1043    1    1    1   1154    0
ће░га   1044    1    1    1   1155    0
ће░га   1045    1    1    1   1157    0
ће░га   1046    1    1    1   1158    0
ће░га   1047    1    1    1   1159    0
ће░га   1048    1    1    1   1160    0
ће░га   1048    1    2    0      0    0 46047
ће░га   1049    1    1    1   1161    0
ће░га   1050    1    1    1   1162    0
ће░га   1051    1    1    1   1163    0
ће░га   1052    1    1    1   1164    0
ће░га   1054    1    1    1   1165    0
ће░га   1055    1    1    1   1166    0
ће░га   1056    1    1    1   1167    0
ће░га   1057    1    1    1   1168    0
ће░га   1058    1    1    1   1169    0
ће░га   1059    1    1    1   1170    0
ће░га   1060    1    1    1   1171    0
ће░га   1061    1    1    1   1172    0
ће░га   1062    1    1    1   1118    0
ће░га   1063    1    1    1   1173    0
ће░га   1064    1    1    1   1174    0
ће░га   1067    1    1    1   1176    0
ће░га   1068    1    1    1   1177    0
ће░га   1068    1    2    0   1520    0
ће░га   1069    1    1    1   1178    0
ће░га   1070    1    1    1   1179    0
ће░га   1071    1    1    0   1213    0 јћ Ђјѕ,ІђіјѓЁ
ће░га   1072    1    1    0   1182    0 ѓљђњѕ
ће░га   1072    1    2    0   1181    0 3527ёјї2135ЉІ
ће░га   1073    1    1    1    908    0
ће░га   1074    1    1    1   1183    0 0888546354
ће░га   1075    1    1    1   1184    0 љјЄђ
ће░га   1075    1    2    0      0    0 їЁњјёѕ їђЇјІјѓ
ће░га   1075    1    3    0      0    0 EUROLINE-
ће░га   1076    1    1    1   1185    0
ће░га   1076    1    2    0   1182    0 35 27
ће░га   1076    1    3    0   1181    0 ѓљђњѕ2135ёјї
ће░га   1077    1    1    1   1186    0
ће░га   1078    1    1    1   1187    0
ће░га   1079    1    1    1   1188    0
ће░га   1080    1    1    1   1189    0 088/565967
ће░га   1082    1    1    0   1190    0
ће░га   1083    1    1    0   1191    0
ће░га   1084    1    1    1   1193    0
ће░га   1085    1    1    1   1194    0
ће░га   1087    1    1   31   1196    0 3343273294
ће░га   1087    1    2    0   1197    0 1716413660
ће░га   1087    1    4    0   1234    0 63849938131
ће░га   1087    1    5    0   1666    0 ZIMM.63849938110
ће░га   1087    1    6    0   1576    0
ће░га   1088    1    1    1   1196    0
ће░га   1089    1    1    1   1198    0
ће░га   1090    1    1    0   1199    0 087/567 441
ће░га   1091    1    1    1   1200    0
ће░га   1092    1    1    1   1201    0 ќђљ іљЊї 13
ће░га   1092    1    2    0      0    0 ёјЅљђЇ 2
ће░га   1093    1    1    0   1202    0 0889813330
ће░га   1094    1    1    0   1203    0 јћ.ЉњђЇё
ће░га   1094    1    2    0      0    0 ІЁЈѕІђ
ће░га   1095    1    1    1   1204    0 0887/254564
ће░га   1096    1    1    1    138    0 0888/660901
ће░га   1097    1    1    0   1205    0
ће░га   1098    1    1    0   1206    0
ће░га   1099    1    1    1   1207    0
ће░га   1100    1    1    1   1208    0
ће░га   1101    1    1    1   1209    0
ће░га   1102    1    1    1   1210    0
ће░га   1103    1    1    1   1211    0
ће░га   1104    1    1    1   1212    0
ће░га   1105    1    1    1   1214    0
ће░га   1106    1    1    0   1215    0
ће░га   1107    1    1    1   1216    0
ће░га   1108    1    1    0    710    0
ће░га   1108    1    2    0   1217    0
ће░га   1109    1    1    1   1218    0 ЊІ.ЃЁјљЃѕ їђњЁѓ 28 /Єђ Јљђњіѕ
ће░га   1111    1    1    1   1219    0
ће░га   1113    1    1    1   1220    0
ће░га   1114    1    1    0      0    0 ЃЁјљЃѕЁѓђ
ће░га   1115    1    1    1   1101    0 ЄЁІЁЇ ёјІ
ће░га   1116    1    1    0   1222    0 088/578 348
ће░га   1116    1    2    0      0    0 089/99 4474
ће░га   1117    1    1    0   1223    0 ђІ.ёѕЄђЅЇ
ће░га   1117    1    2    0   1225    0 ЈљјЁіњ-њ
ће░га   1118    1    1    1   1224    0
ће░га   1119    1    1    1   1226    0
ће░га   1120    1    1    1   1228    0
ће░га   1121    1    1    0   1229    0 0898345473
ће░га   1121    1    2    0      0    0 0899292861ђЇѕ
ће░га   1121    1    3    0      0    0 Љ.ЉђїЊљђЇјѓј
ће░га   1122    1    1    1    520    0
ће░га   1123    1    1    1   1230    0
ће░га   1124    1    1    1   1231    0
ће░га   1125    1    1    0   1233    0 098/974701
ће░га   1126    1    1    1   1235    0
ће░га   1127    1    1    1   1236    0 ЉњЁћђЇ їѕњЁѓ-0887/619 277
ће░га   1127    1    2    0      0    0 ЇѕіјІђЅ-088/7524749
ће░га   1127    1    3    0      0    0 іѓ.Ћђёєѕ ёѕїѕњџљ, ѓ.ЈЁњІЁўіјѓ 11
ће░га   1128    1    1    0   1237    0
ће░га   1129    1    1    0   1238    0
ће░га   1130    1    1    0   1239    0 088931565
ће░га   1131    1    1    0   1240    0
ће░га   1132    1    1    1   1242    0 Љђїј їЁњђІЇѕ ѓљђњѕ
ће░га   1133    1    1    0   1243    0
ће░га   1133    1    2    0      0    0 ѕљ.њјёјљјѓђ
ће░га   1135    1    1    1   1244    0
ће░га   1136    1    1    1   1245    0
ће░га   1137    1    1    0   1246    0 0888432607
ће░га   1138    1    1    0   1249    0 0889917458
ће░га   1138    1    2    0   1250    0 0888423664
ће░га   1139    1    1    0   1251    0 0889520087
ће░га   1139    1    2    0      0    0 ѓ.ІЁѓЉіѕ 119 јћѕЉ
ће░га   1140    1    1    1   1252    0
ће░га   1141    1    1    1   1612    0 0888/953221
ће░га   1141    1    2    0      0    0 9310591-ќЁЋ
ће░га   1142    1    1    1   1254    0
ће░га   1143    1    1    1   1255    0
ће░га   1144    1    1    1   1256    0
ће░га   1146    1    1    1   1257    0
ће░га   1147    1    1    1   1258    0
ће░га   1148    1    1    1   1259    0
ће░га   1149    1    1    0   1260    0 VERATEK
ће░га   1149    1    2    0      0    0 ALUPLAST
ће░га   1150    1    1    1   1261    0
ће░га   1151    1    1    0   1262    0 0887359766
ће░га   1152    1    1    1   1263    0
ће░га   1153    1    1    0   1264    0 0886886888
ће░га   1154    1    1    1   1265    0
ће░га   1155    1    1    1   1266    0
ће░га   1156    1    1    1   1267    0
ће░га   1157    1    1    1   1268    0
ће░га   1158    1    1    1   1270    0
ће░га   1159    1    1    1   1269    0
ће░га   1160    1    1    1   1272    0
ће░га   1161    1    1    0   1281    0 0889810721
ће░га   1161    1    2    0      0    0 ЄђЈ.ѕЇё.ЄјЇђ/ЈљЁёЈљѕЪњѕЁ іђЅІџіђ љЁЉЊљЉ
ће░га   1162    1    1    0   1273    0
ће░га   1163    1    1    1   1274    0
ће░га   1164    1    1    1   1275    0
ће░га   1165    1    1    1   1276    0
ће░га   1165    1    2    0   1386    0 0888 631063
ће░га   1166    1    1    1   1277    0
ће░га   1167    1    1    1   1278    0
ће░га   1168    1    1    1   1279    0
ће░га   1171    1    1    1   1280    0
ће░га   1173    1    1    0   1282    0 0888220301
ће░га   1173    1    2    0   1327    0 0887252732 - ЈІђїЁЇ ѓѕњђЇјѓ
ће░га   1174    1    1    1   1283    0
ће░га   1175    1    1    1   1284    0
ће░га   1176    1    1    1   1287    0
ће░га   1177    1    1    1   1285    0
ће░га   1178    1    1    1   1286    0
ће░га   1179    1    1    1   1288    0
ће░га   1180    1    1    1   1291    0
ће░га   1181    1    1    1   1292    0
ће░га   1182    1    1    1   1294    0
ће░га   1183    1    1    0   1295    0
ће░га   1184    1    1    1   1296    0
ће░га   1185    1    1    1   1297    0
ће░га   1186    1    1    1   1298    0
ће░га   1187    1    1    0   1299    0 0888/583710
ће░га   1188    1    1    1   1300    0
ће░га   1189    1    1    0   1307    0 0888401287
ће░га   1190    1    1    1   1301    0
ће░га   1191    1    1    1   1302    0
ће░га   1192    1    1    1   1303    0
ће░га   1193    1    1    1   1304    0
ће░га   1193    1    2    0      0    0 ЊІ ЉјћѕЪ 10 ђёљЁЉ Єђ ЈјІ. јњ ЉЈѕёѕ
ће░га   1194    1    1    1   1306    0
ће░га   1194    1    2    0   1248    0 0888893876
ће░га   1195    1    1    1   1308    0
ће░га   1196    1    1    1   1309    0 0888/950991
ће░га   1196    1    2    0      0    0 јњЁќ ѓђљЇђѓђ
ће░га   1196    1    3    0      0    0 9875050іѕљѕІ Љјњѕљјѓ - ЂђЎђ
ће░га   1197    1    1    1    254    0
ће░га   1198    1    1    0   1310    0
ће░га   1200    1    1    0   1311    0
ће░га   1201    1    1    0   1429    0 0888ѕІѕЪЇ-208155
ће░га   1201    1    2    0      0    0
ће░га   1202    1    1    0   1312    0 098599094
ће░га   1203    1    1    1   1313    0
ће░га   1203    1    2    0      0    0 0889 418339+098 663608-ІъёїѕІ ЅјљёђЇјѓ
ће░га   1205    1    1    1   1315    0
ће░га   1206    1    1    1   1316    0
ће░га   1208    1    1    1   1317    0
ће░га   1209    1    1    1   1319    0
ће░га   1210    1    1    1   1320    0
ће░га   1211    1    1    1   1321    0
ће░га   1212    1    1    1   1322    0
ће░га   1213    1    1    1   1323    0
ће░га   1214    1    1    0   1324    0 0899890442
ће░га   1214    1    2    0   1325    0
ће░га   1215    1    1    1      0    0 14.00+16.10
ће░га   1215    1    2    0      0    0 јљЁў
ће░га   1216    1    1    1   1326    0
ће░га   1218    1    1    0   1328    0 0887934840
ће░га   1218    1    2    0      0    0 ћЁљёѕЇђЇёјѓђ 3,ѓјёЇђ ЈђІђњђ,јћѕЉ 518
ће░га   1219    1    1    1   1331    0
ће░га   1220    1    1    1   1333    0
ће░га   1221    1    1    0   1335    0
ће░га   1222    1    1    1   1336    0
ће░га   1223    1    1    1   1337    0
ће░га   1224    1    1    0   1338    0 0887484102
ће░га   1225    1    1    1   1339    0
ће░га   1226    1    1    1      0    0
ће░га   1228    1    1    1   1340    0
ће░га   1229    1    1    1   1341    0
ће░га   1230    1    1    1   1342    0
ће░га   1231    1    1    0   1343    0 0899145549
ће░га   1232    1    1    1   1358    0
ће░га   1233    1    1    1   1344    0
ће░га   1234    1    1    0   1345    0 0899/804030
ће░га   1235    1    1    0   1346    0
ће░га   1236    1    1    0   1347    0 0898612813
ће░га   1236    1    2    0      0    0 0899191501
ће░га   1236    1    3    0      0    0 ѕѓђЇ
ће░га   1237    1    1    0   1348    0 0888548907
ће░га   1238    1    1    1    255    0 іђІјЪЇ ёѕЇЁѓ ЉњјЪЇјѓ
ће░га   1238    1    2    0      0    0 ќђљ.ўјЉЁ 11 - јћѕЉ
ће░га   1239    1    1    0   1349    0
ће░га   1240    1    1    0      0    0 їѕІЁЇђ
ће░га   1240    1    2    0      0    0 SALAMANDER 2D
ће░га   1241    1    1    1   1350    0
ће░га   1242    1    1    1   1351    0 SALAMANDER-MACO
ће░га   1242    1    2    3   1355    0 0899850152
ће░га   1243    1    1    1   1269    0
ће░га   1244    1    1    1   1352    0
ће░га   1245    1    1    1   1353    0 0888752288
ће░га   1246    1    1    1   1354    0
ће░га   1247    1    1    1   1357    0
ће░га   1248    1    1    2   1359    0 0888354865
ће░га   1248    1    2    0      0    0 ёјї0701 54001
ће░га   1248    1    3    0      0    0
ће░га   1249    1    1    1   1360    0
ће░га   1251    1    1   31   1361    0 Ѓљ.ѓЁІѕіѕ ЈљЁЉІђѓ Јљјї.ЄјЇђ ЊІ.ЂјљѕЉ ЉЈѕљјѓ 110
ће░га   1251    1    3    0   1362    0 0889625038
ће░га   1252    1    1    1   1363    0 0886585140
ће░га   1253    1    1    1   1364    0
ће░га   1254    1    1    1   1337    0
ће░га   1255    1    1    1   1366    0
ће░га   1256    1    1    1    207    0 0898764037
ће░га   1257    1    1    1   1367    0
ће░га   1258    1    1    1    826    0 0885 010266
ће░га   1258    1    2    0      0    0 0898 705053
ће░га   1259    1    1    1   1369    0
ће░га   1260    1    1    1   1370    0
ће░га   1261    1    1    0   1372    0 ЂјљѕЉ ёєјЇЁѓ
ће░га   1263    1    1    1   1371    0
ће░га   1264    1    1    1   1373    0
ће░га   1264    1    2    0   1374    0 0888954697
ће░га   1265    1    1    0   1375    0
ће░га   1266    1    1    1   1376    0
ће░га   1267    1    1    1   1377    0
ће░га   1268    1    1    0   1378    0
ће░га   1270    1    1    0      0    0 0898699679
ће░га   1270    1    2    0      0    0 ЁїѕІ іљЊїјѓ
ће░га   1271    1    1    1   1183    0
ће░га   1272    1    1    1   1145    0
ће░га   1272    1    2    0   1401    0 0898 517131
ће░га   1273    1    1    0   1628    0 0886/151092
ће░га   1274    1    1    1   1385    0
ће░га   1275    1    1    1   1387    0
ће░га   1276    1    1    0   1388    0
ће░га   1277    1    1    0   1390    0 0887477417
ће░га   1278    1    1    1   1393    0
ће░га   1279    1    1    1   1394    0
ће░га   1280    1    1    1   1395    0
ће░га   1281    1    1    1   1396    0
ће░га   1282    1    1    1   1397    0
ће░га   1283    1    1    1   1398    0
ће░га   1284    1    1    0   1399    0
ће░га   1285    1    1    1   1402    0
ће░га   1287    1    1    0   1404    0 ЃјќЁёЁІЌЁѓЉіј
ће░га   1288    1    1    0   1405    0
ће░га   1289    1    1    1   1406    0
ће░га   1290    1    1    1   1407    0
ће░га   1291    1    1    1   1408    0
ће░га   1292    1    1   30   1409    0 ёђЇЌј-0898719315
ће░га   1292    1    2    0   1410    0 0899846144
ће░га   1293    1    1    1   1411    0
ће░га   1294    1    1    1   1412    0
ће░га   1296    1    1    0   1413    0 0888456272
ће░га   1297    1    1    0   1414    0 0888691155
ће░га   1297    1    2    0      0    0 ЊІ. іІѕїЁЇњ јЋљѕёЉіѕ 3
ће░га   1298    1    1    1   1432    0
ће░га   1299    1    1    1   1415    0
ће░га   1300    1    1    1   1416    0
ће░га   1301    1    1    1   1417    0
ће░га   1302    1    1    1   1418    0
ће░га   1303    1    1    1   1309    0
ће░га   1304    1    1    1   1419    0
ће░га   1305    1    1    1   1420    0
ће░га   1306    1    1    0   1421    0 0898 608848
ће░га   1306    1    2    0   1422    0 0898 217256
ће░га   1307    1    1    1   1423    0
ће░га   1310    1    1    0    886    0 0888491996
ће░га   1310    1    2    0   1060    0 0887282532
ће░га   1311    1    1    0    621    0 0889628528
ће░га   1312    1    1    0   1424    0 ѕѓђ
ће░га   1313    1    1    1   1425    0
ће░га   1315    1    2    1   1427    0
ће░га   1316    1    1    1   1428    0 0888/800757
ће░га   1317    1    1    0   1314    0
ће░га   1318    1    1    1   1430    0 0889099910
ће░га   1318    1    2   31   1434    0
ће░га   1319    1    1    0   1477    0 0898645277
ће░га   1320    1    1    1   1433    0
ће░га   1321    1    1    1   1435    0
ће░га   1322    1    1    1   1436    0
ће░га   1323    1    1   31   1437    0
ће░га   1324    1    1   31   1438    0
ће░га   1325    1    1   31   1439    0
ће░га   1326    1    1   31   1440    0 0888519597
ће░га   1326    1    2    0      0    0 0896819187
ће░га   1327    1    1   31   1443    0
ће░га   1328    1    1   31   1444    0
ће░га   1329    1    1   31   1445    0
ће░га   1330    1    1   31   1447    0
ће░га   1331    1    1   31   1446    0
ће░га   1332    1    1    1   1448    0
ће░га   1333    1    1   31   1449    0
ће░га   1335    1    1   31   1450    0 aleksa@lovechnet.com
ће░га   1337    1    1   31   1451    0
ће░га   1338    1    1    1   1452    0
ће░га   1338    1    2    0      0    0 ЃЁјљЃѕЁѓ
ће░га   1339    1    1    0      0    0 іџЌЁѓ
ће░га   1340    1    1   31   1453    0
ће░га   1340    1    2   16   1454    0 0888416952
ће░га   1341    1    1   31   1455    0
ће░га   1342    1    1    0   1459    0
ће░га   1342    1    2    0   1670    0
ће░га   1343    1    1   31   1456    0
ће░га   1345    1    1   31   1457    0
ће░га   1346    1    1   31   1458    0
ће░га   1347    1    1   31   1461    0
ће░га   1348    1    1    0   1462    0 9864784
ће░га   1348    1    2    0      0    0 ЂјљѕЉІђѓ ЃЁјљЃѕЁѓ
ће░га   1349    1    1    0   1551    0 0898488058
ће░га   1350    1    1    0   1463    0
ће░га   1351    1    1   31   1464    0
ће░га   1352    1    1   31   1465    0
ће░га   1353    1    1    1   1466    0
ће░га   1354    1    1    1   1467    0 076 77282
ће░га   1355    1    1   31   1468    0
ће░га   1356    1    1   31   1469    0
ће░га   1357    1    1   31   1471    0
ће░га   1358    1    1   31   1473    0
ће░га   1359    1    1    0   1474    0
ће░га   1360    1    1    0   1475    0 0885249269
ће░га   1361    1    1    0   1476    0
ће░га   1362    1    1    0    787    0 0888/373162
ће░га   1362    1    2    0      0    0 ѓѕіњјљ ѕЉђЁѓ
ће░га   1363    1    1    0   1477    0
ће░га   1364    1    1    0   1478    0
ће░га   1365    1    1    0   1479    0
ће░га   1366    1    1   31   1481    0
ће░га   1367    1    1   31   1497    0
ће░га   1367    1    2    0      0    0 Љђўј-0877109696
ће░га   1368    1    1    0   1482    0 0898 447287
ће░га   1369    1    1   31   1483    0 ѓђљЇђѓђ
ће░га   1370    1    1    0   1484    0
ће░га   1371    1    1   31   1485    0
ће░га   1372    1    1   31   1486    0
ће░га   1373    1    1    1   1487    0 0899104223
ће░га   1374    1    1    0   1488    0 0888831240
ће░га   1375    1    1   31   1489    0
ће░га   1376    1    1   31     66    0
ће░га   1377    1    1    0   1093    0
ће░га   1378    1    1    0    452    0 0898675261
ће░га   1379    1    1   31   1490    0
ће░га   1380    1    1    1   1492    0
ће░га   1381    1    1   31   1493    0
ће░га   1382    1    1    0   1494    0 0898419858
ће░га   1383    1    1   31   1561    0
ће░га   1384    1    1   31   1495    0
ће░га   1385    1    1   31   1496    0
ће░га   1386    1    1    0    107    0
ће░га   1386    1    2    0   1498    0 0897/951456
ће░га   1387    1    1   31   1499    0
ће░га   1388    1    1   31   1500    0
ће░га   1389    1    1   31   1501    0
ће░га   1390    1    1   31   1502    0 0888946243
ће░га   1390    1    2    0      0    0 ЂЊІ. ЉѕњЇЪіјѓј 23,4-њѕ Ёњђє - јћѕЉ
ће░га   1391    1    1   31   1503    0
ће░га   1392    1    1   31   1504    0
ће░га   1393    1    1   31   1505    0
ће░га   1394    1    1   31   1506    0
ће░га   1395    1    1    0   1507    0 0888332533
ће░га   1395    1    2    0      0    0 Єёљђѓіј їјІІјѓ 0898991126
ће░га   1396    1    1   31   1507    0
ће░га   1397    1    1    9   1508    0
ће░га   1398    1    1   31   1509    0
ће░га   1399    1    1   31   1510    0
ће░га   1400    1    1    0   1511    0 Љ јЂіјѓ Їђ їЁњђІ ѓђљЇђ
ће░га   1400    1    2    0      0    0 0888281781
ће░га   1401    1    1   31   1549    0 8219313ёјї
ће░га   1402    1    1    0   1512    0 0899894822
ће░га   1404    1    1   31   1513    0 0898419858
ће░га   1405    1    1   31   1514    0
ће░га   1406    1    1   31   1515    0
ће░га   1407    1    1   31   1516    0
ће░га   1408    1    1    1   1517    0 0888 226354
ће░га   1408    1    2    0      0    0 RE,WEISS
ће░га   1409    1    1    2   1519    0
ће░га   1409    1    2   14   1518    0
ће░га   1410    1    1    1   1521    0 0888232109
ће░га   1411    1    1    0   1522    0 REHAU
ће░га   1412    1    1   31   1523    0
ће░га   1413    1    1    0   1525    0 0888619980-ёђЇѕЁІ
ће░га   1414    1    1    0   1526    0 ђѓђі њЁљЄѕЪЇ-9175535,0886 002600
ће░га   1414    1    2    0      0    0 ЈЁњЪ іђїЁЇјѓђ
ће░га   1415    1    1   31   1527    0
ће░га   1416    1    1    0   1528    0
ће░га   1416    1    2    0   1545    0 0899194881
ће░га   1417    1    1    1   1529    0
ће░га   1418    1    1   31   1530    0
ће░га   1419    1    1   31   1531    0
ће░га   1420    1    1   31   1532    0
ће░га   1421    1    1   31   1533    0
ће░га   1422    1    1   31   1534    0
ће░га   1423    1    1    1   1536    0 ІѕЌЁЇ-0888/258848
ће░га   1423    1    2    0   1535    0 0899279706
ће░га   1423    1    3    0   1536    0
ће░га   1424    1    1    1   1537    0
ће░га   1425    1    1    1   1538    0
ће░га   1426    1    1   31   1539    0
ће░га   1427    1    1    0   1540    0 0898 637 840
ће░га   1428    1    1   31   1541    0
ће░га   1429    1    1   31   1542    0
ће░га   1430    1    1    0   1543    0 974 45 69
ће░га   1431    1    1   31   1544    0
ће░га   1432    1    1   31   1546    0
ће░га   1433    1    1   31   1548    0
ће░га   1434    1    1   31   1550    0
ће░га   1435    1    1   31   1553    0
ће░га   1436    1    1   31   1554    0
ће░га   1437    1    1   31   1556    0
ће░га   1438    1    1   31   1564    0
ће░га   1438    1    2    0   1586    0 0887555228
ће░га   1438    1    3    0      0    0 ѓђІЁљѕЪ-ЉЌ.
ће░га   1439    1    1   31   1557    0
ће░га   1440    1    1   31   1558    0
ће░га   1441    1    1   31   1559    0 0878 550076
ће░га   1442    1    1    0   1571    0 ъІ. 0899 987855
ће░га   1443    1    1   31   1560    0
ће░га   1444    1    1   31   1563    0
ће░га   1445    1    1    0   1562    0
ће░га   1445    1    2   31   1567    0
ће░га   1446    1    1    0   1565    0 0887386 377
ће░га   1447    1    1   31   1566    0
ће░га   1448    1    1    0   1569    0 0887824602
ће░га   1448    1    2    0   1572    0
ће░га   1449    1    1    1    520    0 0898786792
ће░га   1450    1    1   31   1570    0
ће░га   1451    1    1    0      0    0 їђљѕј-Љњљ-ѕЇѓЁЉњ 0896/691999ІѕЌЁЇ
ће░га   1452    1    1    0   1572    0
ће░га   1453    1    1    1   1573    0
ће░га   1453    1    2    0   1574    0
ће░га   1455    1    1    0   1575    0
ће░га   1456    1    1    1   1429    0
ће░га   1457    1    1   31   1577    0 0898 334236
ће░га   1457    1    2    0      0    0 0899 626228
ће░га   1457    1    3    0      0    0 љђёѕЇђ ќѓЁњіјѓђ
ће░га   1458    1    1   31   1578    0
ће░га   1459    1    1   31   1579    0 0898/352152
ће░га   1460    1    1   31   1580    0
ће░га   1461    1    1   31   1050    0
ће░га   1462    1    1   31   1581    0
ће░га   1463    1    1   31   1582    0
ће░га   1464    1    1   31   1583    0
ће░га   1464    1    2   32   1584    0 ёјЃљђїђ
ће░га   1464    1    3    0      0    0 0886049373-ёјЂљѕЇ ѕІѕЁѓ
ће░га   1466    1    1    0   1585    0 0888955996
ће░га   1467    1    1   31   1588    0
ће░га   1467    1    2    0   1673    0 0889/512580
ће░га   1468    1    1   31   1589    0
ће░га   1468    1    2    0   1590    0 0898624313
ће░га   1469    1    1   31   1591    0
ће░га   1469    1    2    0   1592    0 0888663606
ће░га   1470    1    1    0   1593    0
ће░га   1471    1    1    0   1594    0
ће░га   1472    1    1   31   1595    0
ће░га   1473    1    1   31   1596    0
ће░га   1474    1    1   31   1597    0 Јљ-ѓј/ъІѕђЇ
ће░га   1474    1    2    0      0    0 ЉЌ-ѓј/іђњЪ іјїѕњјѓђ
ће░га   1474    1    3    0      0    0 њјўіј-0896645912
ће░га   1475    1    1    1   1601    0
ће░га   1476    1    1   31   1598    0
ће░га   1477    1    1    0   1599    0 0889886433
ће░га   1478    1    1   31   1600    0
ће░га   1480    1    1    0   1602    0
ће░га   1481    1    1    0   1604    0 0899/934108
ће░га   1482    1    1    0   1605    0 0887785919
ће░га   1483    1    1    0   1606    0 0888/605234
ће░га   1484    1    1    0   1607    0
ће░га   1485    1    1    0    523    0
ће░га   1486    1    1   32   1608    0
ће░га   1487    1    1   31   1609    0
ће░га   1488    1    1    0   1610    0
ће░га   1489    1    1   31   1611    0
ће░га   1490    1    1   31   1613    0
ће░га   1491    1    1   31   1614    0
ће░га   1492    1    1   31   1615    0
ће░га   1493    1    1   31   1616    0
ће░га   1495    1    1    1   1617    0
ће░га   1496    1    1    1   1619    0
ће░га   1497    1    1    0   1620    0 0888 232 652
ће░га   1498    1    1    1   1621    0 0898574705
ће░га   1499    1    1    1   1622    0
ће░га   1500    1    1    0   1623    0
ће░га   1501    1    1    1   1624    0
ће░га   1502    1    1    1   1626    0
ће░га   1503    1    1    1   1627    0
ће░га   1504    1    1    1   1629    0
ће░га   1505    1    1    1   1630    0 0888/306 788
ће░га   1506    1    1   31   1642    0
ће░га   1507    1    1    1   1631    0
ће░га   1507    1    2    0      0    0 0885 117905
ће░га   1508    1    1    1   1632    0
ће░га   1509    1    1    1   1259    0
ће░га   1510    1    1   31   1633    0 0888 860 007
ће░га   1511    1    1    1   1634    0
ће░га   1513    1    1    1   1635    0
ће░га   1514    1    1    1   1636    0
ће░га   1515    1    1    1   1637    0
ће░га   1516    1    1    1   1638    0
ће░га   1517    1    1   31   1639    0
ће░га   1518    1    1    1   1640    0
ће░га   1519    1    1    1   1641    0
ће░га   1520    1    1    1   1327    0 0887/251732
ће░га   1521    1    1    1   1644    0
ће░га   1522    1    1   31   1645    0
ће░га   1524    1    1   31   1646    0
ће░га   1525    1    1   31   1647    0
ће░га   1526    1    1    1   1648    0
ће░га   1527    1    1   31   1649    0
ће░га   1527    1    2    0      0    0 їђљѕЇ
ће░га   1528    1    1    1   1650    0
ће░га   1529    1    1    0   1651    0 0886 552248
ће░га   1530    1    1    1   1652    0
ће░га   1531    1    1    1   1653    0
ће░га   1532    1    1    1   1657    0
ће░га   1533    1    1    1   1043    0
ће░га   1534    1    1    1   1655    0
ће░га   1535    1    1    1   1656    0
ће░га   1536    1    1    0   1663    0 0885 454035
ће░га   1536    1    2    0   1685    0
ће░га   1537    1    1    0   1659    0 0885 455087
ће░га   1537    1    2    0   1658    0
ће░га   1538    1    1    1   1660    0
ће░га   1539    1    1    1   1661    0
ће░га   1540    1    1    1   1662    0
ће░га   1541    1    1    1   1517    0
ће░га   1542    1    1    1   1665    0
ће░га   1543    1    1    1   1667    0
ће░га   1544    1    1    1   1668    0
ће░га   1545    1    1    1   1669    0
ће░га   1546    1    1    1   1671    0
ће░га   1547    1    1    0   1672    0 0888248112
ће░га   1548    1    1    1   1674    0
ће░га   1549    1    1    0   1675    0 0887/372187
ће░га   1550    1    1    1   1677    0 0897 941802
ће░га   1551    1    1    1   1676    0
ће░га   1552    1    1    1   1678    0
ће░га   1553    1    1    1   1679    0
ће░га   1554    1    1   31   1680    0
ће░га   1555    1    1    1   1681    0
ће░га   1556    1    1    1   1684    0
ће░га   1557    1    1    0   1686    0 0887 699 163
ће░га   1558    1    1   31   1687    0
ће░га   1559    1    1    1   1688    0
ће░га   1560    1    1    1   1689    0
ће░га   1561    1    1    1   1690    0
ће░га   1562    1    1    1   1691    0
